0 0.504861 0.257422 0.206944 0.086719
0 0.628472 0.257031 0.237500 0.125000
0 0.396528 0.232031 0.106944 0.118750
0 0.411806 0.330078 0.254167 0.066406
0 0.584028 0.351172 0.068056 0.044531
0 0.680556 0.354297 0.102778 0.075781
0 0.790278 0.351953 0.063889 0.096094
0 0.586806 0.404687 0.195833 0.064062
0 0.738889 0.416016 0.133333 0.046094
0 0.447917 0.167578 0.048611 0.042969
0 0.504167 0.195703 0.025000 0.036719
0 0.482639 0.201953 0.056944 0.008594
0 0.616667 0.055469 0.100000 0.071875
0 0.672222 0.133984 0.105556 0.058594
0 0.713194 0.186328 0.201389 0.028906
0 0.783333 0.080859 0.200000 0.158594
0 0.465278 0.048047 0.294444 0.057031
0 0.466667 0.011719 0.322222 0.014063
0 0.158333 0.123828 0.294444 0.235156
0 0.105556 0.405469 0.127778 0.071875
0 0.283333 0.417969 0.211111 0.084375
0 0.281944 0.331250 0.163889 0.085938
0 0.116667 0.301563 0.161111 0.101562
0 0.170139 0.539453 0.109722 0.036719
0 0.065278 0.563281 0.127778 0.060937
0 0.697222 0.542969 0.216667 0.117188
0 0.493750 0.572266 0.140278 0.049219
