0 0.179167 0.807031 0.030556 0.010937
0 0.725000 0.753125 0.050000 0.018750
0 0.634722 0.724219 0.058333 0.032813
0 0.679167 0.714844 0.036111 0.039062
0 0.808333 0.701562 0.066667 0.018750
0 0.570833 0.691406 0.097222 0.029687
0 0.731944 0.681250 0.047222 0.012500
0 0.747222 0.489844 0.016667 0.020313
0 0.780556 0.416406 0.044444 0.020313
0 0.979167 0.403906 0.019444 0.010937
0 0.391667 0.400000 0.022222 0.012500
0 0.598611 0.399219 0.119444 0.032813
0 0.636111 0.373437 0.033333 0.018750
0 0.740278 0.376563 0.030556 0.028125
0 0.901389 0.410156 0.197222 0.117188
0 0.588889 0.365625 0.050000 0.028125
0 0.341667 0.356250 0.027778 0.018750
0 0.643056 0.350781 0.036111 0.020313
0 0.905556 0.335938 0.038889 0.015625
0 0.788889 0.331250 0.022222 0.009375
0 0.950000 0.329688 0.038889 0.009375
0 0.562500 0.327344 0.091667 0.054688
0 0.479167 0.302344 0.086111 0.020313
0 0.387500 0.316406 0.091667 0.064062
0 0.668056 0.271875 0.036111 0.015625
0 0.751389 0.266406 0.036111 0.014063
0 0.655556 0.243750 0.022222 0.012500
0 0.598611 0.217969 0.052778 0.029687
