0 0.956944 0.984766 0.016667 0.030469
0 0.026389 0.979688 0.052778 0.040625
0 0.095833 0.978516 0.069444 0.042969
0 0.199306 0.963672 0.043056 0.032031
0 0.950000 0.940625 0.016667 0.012500
0 0.127083 0.943359 0.026389 0.030469
0 0.036111 0.935156 0.016667 0.026562
0 0.966667 0.910937 0.066667 0.075000
0 0.988889 0.868750 0.022222 0.015625
0 0.050694 0.873047 0.101389 0.066406
0 0.903472 0.849219 0.029167 0.026562
0 0.936806 0.860938 0.068056 0.087500
0 0.969444 0.824219 0.061111 0.039062
0 0.986111 0.796484 0.022222 0.017969
0 0.893750 0.791406 0.048611 0.039062
0 0.927083 0.762891 0.034722 0.030469
0 0.038889 0.757031 0.055556 0.035937
0 0.942361 0.742188 0.029167 0.015625
0 0.852083 0.732031 0.026389 0.023438
0 0.945139 0.685156 0.029167 0.023438
0 0.913194 0.678516 0.031944 0.016406
0 0.553472 0.673047 0.026389 0.011719
0 0.516667 0.671094 0.044444 0.014063
0 0.864583 0.635547 0.073611 0.035156
0 0.961111 0.628125 0.033333 0.025000
0 0.528472 0.621875 0.029167 0.012500
0 0.021528 0.586328 0.037500 0.032031
0 0.915278 0.580859 0.025000 0.032031
0 0.861111 0.535156 0.016667 0.014063
0 0.858333 0.478125 0.044444 0.031250
0 0.943056 0.475781 0.038889 0.045312
0 0.970833 0.425000 0.044444 0.021875
0 0.885417 0.421094 0.029167 0.029687
0 0.885417 0.374219 0.051389 0.032813
0 0.927083 0.342578 0.023611 0.013281
0 0.831944 0.341797 0.030556 0.019531
0 0.756250 0.316406 0.040278 0.017188
0 0.981944 0.291016 0.036111 0.041406
0 0.902083 0.278125 0.051389 0.031250
0 0.927778 0.225000 0.044444 0.031250
0 0.103472 0.158594 0.037500 0.045312
0 0.229167 0.113281 0.022222 0.026562
0 0.743750 0.092578 0.029167 0.014844
0 0.979167 0.069531 0.041667 0.029687
0 0.132639 0.050781 0.029167 0.020313
0 0.904167 0.004687 0.047222 0.009375
0 0.123611 0.092188 0.247222 0.184375
