0 0.248611 0.924219 0.030556 0.017188
0 0.491667 0.892969 0.022222 0.010937
0 0.861111 0.699219 0.022222 0.020313
0 0.066667 0.599219 0.016667 0.014063
0 0.408333 0.469531 0.033333 0.014063
0 0.215278 0.437500 0.030556 0.009375
0 0.219444 0.417187 0.022222 0.009375
0 0.138889 0.446875 0.066667 0.075000
0 0.331944 0.404687 0.019444 0.012500
0 0.463889 0.394922 0.022222 0.013281
0 0.148611 0.385937 0.025000 0.018750
0 0.031944 0.381250 0.019444 0.012500
0 0.200000 0.375781 0.033333 0.026562
0 0.029167 0.366406 0.030556 0.010937
0 0.386111 0.356250 0.072222 0.025000
0 0.163889 0.349219 0.016667 0.010937
0 0.019444 0.337500 0.022222 0.009375
0 0.329167 0.329688 0.030556 0.012500
0 0.481944 0.351562 0.052778 0.065625
0 0.059722 0.321875 0.030556 0.025000
0 0.075000 0.313281 0.016667 0.014063
0 0.041667 0.298438 0.033333 0.015625
0 0.326389 0.291406 0.158333 0.051562
0 0.027778 0.266406 0.033333 0.017188
0 0.387500 0.248438 0.019444 0.009375
0 0.340278 0.242969 0.025000 0.014063
0 0.004167 0.257812 0.008333 0.050000
0 0.393056 0.185156 0.080556 0.020313
0 0.155556 0.246094 0.311111 0.251563
