0 0.920833 0.973437 0.108333 0.053125
0 0.959722 0.943359 0.080556 0.033594
0 0.836111 0.923047 0.033333 0.011719
0 0.774306 0.927344 0.012500 0.020313
0 0.273611 0.910937 0.019444 0.009375
0 0.431944 0.879687 0.013889 0.021875
0 0.543056 0.865625 0.063889 0.031250
0 0.443056 0.854688 0.025000 0.015625
0 0.436111 0.834375 0.016667 0.015625
0 0.495833 0.833594 0.069444 0.042188
0 0.727778 0.799219 0.072222 0.014063
0 0.666667 0.766797 0.022222 0.021094
0 0.806944 0.782813 0.080556 0.068750
0 0.419444 0.753906 0.016667 0.023438
0 0.559722 0.780859 0.241667 0.113281
0 0.577778 0.717187 0.027778 0.025000
0 0.351389 0.701562 0.063889 0.018750
0 0.676389 0.710938 0.113889 0.075000
0 0.776389 0.680859 0.027778 0.022656
0 0.536806 0.682031 0.029167 0.035937
0 0.591667 0.660156 0.022222 0.020313
0 0.641667 0.653906 0.050000 0.032813
0 0.446528 0.670312 0.109722 0.075000
0 0.690278 0.628125 0.069444 0.025000
0 0.973611 0.627344 0.052778 0.029687
0 0.589583 0.598437 0.073611 0.028125
0 0.862500 0.560937 0.025000 0.012500
0 0.488194 0.567969 0.020833 0.026562
0 0.736111 0.536719 0.027778 0.023438
0 0.668056 0.532813 0.113889 0.081250
0 0.527778 0.517188 0.144444 0.062500
0 0.743056 0.478906 0.019444 0.010937
0 0.630556 0.487891 0.072222 0.035156
0 0.587500 0.446875 0.030556 0.009375
0 0.384722 0.442969 0.025000 0.017188
0 0.679167 0.455469 0.083333 0.048438
0 0.515278 0.437500 0.041667 0.018750
0 0.631944 0.424219 0.030556 0.010937
0 0.412500 0.420312 0.036111 0.018750
0 0.490278 0.408594 0.063889 0.017188
0 0.647222 0.392969 0.022222 0.014063
0 0.201389 0.390625 0.019444 0.015625
0 0.477778 0.385156 0.016667 0.014063
0 0.601389 0.380469 0.047222 0.020313
0 0.444444 0.377344 0.038889 0.020313
0 0.751389 0.350000 0.058333 0.012500
0 0.268056 0.353125 0.036111 0.018750
0 0.813889 0.342187 0.022222 0.009375
0 0.530556 0.367188 0.077778 0.078125
0 0.494444 0.331250 0.027778 0.015625
0 0.627778 0.321094 0.027778 0.014063
0 0.594444 0.314844 0.022222 0.017188
0 0.372222 0.303906 0.066667 0.051562
0 0.481944 0.273438 0.036111 0.018750
0 0.316667 0.260937 0.050000 0.028125
0 0.581944 0.270313 0.113889 0.053125
0 0.513889 0.250000 0.016667 0.012500
0 0.094444 0.246875 0.022222 0.012500
0 0.395833 0.241406 0.030556 0.017188
0 0.166667 0.233594 0.022222 0.007812
0 0.577778 0.235937 0.066667 0.043750
0 0.327778 0.203125 0.055556 0.043750
0 0.644444 0.190625 0.050000 0.037500
0 0.576389 0.182031 0.063889 0.023438
0 0.269444 0.161719 0.033333 0.026562
0 0.170833 0.142969 0.025000 0.017188
0 0.238889 0.140625 0.061111 0.031250
0 0.079167 0.102344 0.013889 0.014063
0 0.041667 0.092188 0.044444 0.015625
0 0.245833 0.078125 0.158333 0.093750
0 0.218056 0.032031 0.019444 0.010937
0 0.473611 0.048438 0.063889 0.059375
0 0.648611 0.462500 0.702778 0.925000
0 0.193056 0.005469 0.025000 0.010937
0 0.097222 0.005469 0.016667 0.010937
