0 0.377778 0.935937 0.033333 0.015625
0 0.615278 0.903125 0.019444 0.009375
0 0.437500 0.502344 0.019444 0.014063
0 0.493056 0.490625 0.052778 0.028125
0 0.302778 0.455469 0.061111 0.017188
0 0.309722 0.437500 0.025000 0.018750
0 0.231944 0.466406 0.086111 0.079687
0 0.415972 0.419531 0.018056 0.010937
0 0.034722 0.416406 0.069444 0.035937
0 0.230556 0.407031 0.027778 0.026562
0 0.287500 0.405469 0.052778 0.035937
0 0.113889 0.389062 0.038889 0.006250
0 0.055556 0.368750 0.022222 0.009375
0 0.250000 0.367969 0.016667 0.014063
0 0.472222 0.367969 0.088889 0.039062
0 0.411111 0.346094 0.027778 0.010937
0 0.572222 0.364063 0.061111 0.068750
0 0.143056 0.336719 0.041667 0.014063
0 0.063889 0.330469 0.044444 0.023438
0 0.112500 0.321094 0.036111 0.014063
0 0.011111 0.230469 0.022222 0.007812
0 0.465278 0.200000 0.086111 0.021875
0 0.241667 0.262500 0.483333 0.250000
