0 0.388889 0.994531 0.016667 0.010937
0 0.413889 0.985156 0.027778 0.029687
0 0.361111 0.950781 0.027778 0.014063
0 0.493056 0.953906 0.063889 0.045312
0 0.245833 0.926953 0.175000 0.146094
0 0.230556 0.827344 0.155556 0.062500
0 0.207639 0.785156 0.168056 0.076563
0 0.455556 0.759375 0.050000 0.028125
0 0.959028 0.743359 0.040278 0.011719
0 0.277778 0.720703 0.022222 0.016406
0 0.779167 0.723437 0.041667 0.040625
0 0.371528 0.730469 0.090278 0.054688
0 0.739583 0.721484 0.043056 0.042969
0 0.393056 0.682422 0.069444 0.033594
0 0.759722 0.660547 0.022222 0.019531
0 0.679861 0.658203 0.031944 0.028906
0 0.101389 0.644531 0.130556 0.110937
0 0.256944 0.586719 0.102778 0.079687
0 0.572222 0.548438 0.025000 0.015625
0 0.154167 0.528125 0.025000 0.012500
0 0.325000 0.527344 0.033333 0.020313
0 0.258333 0.495312 0.038889 0.018750
0 0.189583 0.434375 0.065278 0.031250
0 0.034722 0.481250 0.069444 0.137500
0 0.136806 0.422656 0.079167 0.042188
0 0.304167 0.377734 0.075000 0.039844
0 0.693750 0.324609 0.026389 0.017969
0 0.037500 0.310937 0.075000 0.062500
0 0.732639 0.276562 0.037500 0.018750
0 0.199306 0.206250 0.220833 0.125000
0 0.193056 0.132031 0.019444 0.026562
0 0.501389 0.033594 0.063889 0.029687
0 0.737500 0.032813 0.063889 0.056250
0 0.833333 0.005469 0.038889 0.010937
0 0.376389 0.178906 0.475000 0.357812
