0 0.218056 0.839844 0.019444 0.010937
0 0.876389 0.753906 0.025000 0.017188
0 0.805556 0.739844 0.016667 0.010937
0 0.605556 0.657031 0.016667 0.017188
0 0.880556 0.567187 0.027778 0.028125
0 0.816667 0.536719 0.033333 0.014063
0 0.900000 0.511719 0.022222 0.007812
0 0.875694 0.494531 0.034722 0.014063
0 0.845833 0.478906 0.069444 0.020313
0 0.955556 0.473438 0.088889 0.025000
0 0.115278 0.424219 0.019444 0.010937
0 0.170833 0.417187 0.058333 0.028125
0 0.113194 0.340625 0.020833 0.012500
0 0.248611 0.334766 0.019444 0.011719
0 0.297222 0.288281 0.016667 0.010937
0 0.018056 0.291406 0.025000 0.020313
0 0.168056 0.282031 0.063889 0.029687
0 0.120833 0.267969 0.025000 0.014063
0 0.268056 0.293359 0.047222 0.071094
0 0.127778 0.226562 0.138889 0.053125
0 0.188889 0.121875 0.083333 0.025000
0 0.058333 0.196875 0.116667 0.196875
