0 0.729167 0.992188 0.030556 0.015625
0 0.981944 0.975000 0.036111 0.018750
0 0.788889 0.949219 0.022222 0.014063
0 0.847222 0.923438 0.016667 0.015625
0 0.618056 0.906250 0.013889 0.015625
0 0.956944 0.900000 0.019444 0.012500
0 0.988889 0.868750 0.022222 0.012500
0 0.876389 0.888281 0.158333 0.095312
0 0.584722 0.847656 0.025000 0.014063
0 0.906944 0.837500 0.030556 0.018750
0 0.850000 0.822656 0.022222 0.010937
0 0.968056 0.819531 0.063889 0.039062
0 0.634722 0.804688 0.019444 0.012500
0 0.506944 0.797656 0.019444 0.014063
0 0.815278 0.800000 0.058333 0.037500
0 0.752778 0.756250 0.044444 0.021875
0 0.634722 0.739844 0.030556 0.020313
0 0.708333 0.739844 0.050000 0.032813
0 0.531944 0.703906 0.019444 0.017188
0 0.498611 0.688281 0.030556 0.010937
0 0.681944 0.700781 0.108333 0.051562
0 0.258333 0.692187 0.027778 0.037500
0 0.730556 0.669531 0.094444 0.082812
0 0.394444 0.628125 0.022222 0.009375
0 0.658333 0.628125 0.027778 0.018750
0 0.626389 0.603125 0.030556 0.018750
0 0.529167 0.603125 0.019444 0.021875
0 0.448611 0.589844 0.025000 0.017188
0 0.973611 0.582812 0.052778 0.021875
0 0.845833 0.578906 0.036111 0.014063
0 0.600000 0.555469 0.088889 0.045312
0 0.784722 0.535156 0.036111 0.007812
0 0.698611 0.533594 0.025000 0.010937
0 0.815278 0.514844 0.052778 0.032813
0 0.783333 0.500781 0.022222 0.014063
0 0.723611 0.501563 0.025000 0.031250
0 0.630556 0.489844 0.033333 0.010937
0 0.663889 0.478125 0.027778 0.012500
0 0.537500 0.465625 0.013889 0.015625
0 0.661111 0.436719 0.061111 0.054688
0 0.486111 0.416406 0.055556 0.014063
0 0.566667 0.405469 0.033333 0.023438
0 0.475000 0.386719 0.027778 0.010937
0 0.655556 0.387500 0.100000 0.040625
0 0.436111 0.361719 0.050000 0.026562
0 0.515278 0.351562 0.030556 0.021875
0 0.326389 0.346875 0.019444 0.015625
0 0.575000 0.320312 0.038889 0.015625
0 0.511111 0.310937 0.027778 0.021875
0 0.633333 0.298438 0.016667 0.015625
0 0.325000 0.287500 0.033333 0.025000
0 0.279167 0.294531 0.069444 0.042188
0 0.201389 0.259375 0.030556 0.021875
0 0.227778 0.242969 0.022222 0.020313
0 0.131944 0.228125 0.041667 0.021875
0 0.097222 0.189062 0.033333 0.028125
0 0.244444 0.167187 0.044444 0.018750
0 0.173611 0.182031 0.063889 0.051562
0 0.204167 0.140625 0.036111 0.025000
0 0.100000 0.135156 0.022222 0.014063
0 0.354167 0.128906 0.025000 0.023438
0 0.201389 0.114062 0.025000 0.012500
0 0.126389 0.109375 0.075000 0.043750
0 0.238889 0.097656 0.111111 0.042188
0 0.027778 0.058594 0.027778 0.010937
0 0.120833 0.056250 0.058333 0.021875
0 0.077778 0.040625 0.027778 0.015625
0 0.119444 0.032031 0.022222 0.007812
0 0.018056 0.031250 0.036111 0.031250
0 0.084722 0.015625 0.025000 0.028125
0 0.565278 0.396875 0.869444 0.793750
0 0.111111 0.003125 0.038889 0.006250
