0 0.812500 0.993750 0.025000 0.012500
0 0.652778 0.988281 0.022222 0.023438
0 0.480556 0.986719 0.055556 0.026562
0 0.897222 0.975781 0.022222 0.048438
0 0.409722 0.957031 0.019444 0.010937
0 0.631250 0.955469 0.020833 0.010937
0 0.591667 0.973437 0.077778 0.053125
0 0.499306 0.926562 0.029167 0.025000
0 0.416667 0.858984 0.111111 0.044531
0 0.261111 0.913281 0.144444 0.173437
0 0.273611 0.819531 0.019444 0.010937
0 0.556944 0.818750 0.075000 0.040625
0 0.925000 0.762500 0.022222 0.012500
0 0.654167 0.743750 0.025000 0.012500
0 0.293056 0.752344 0.108333 0.067187
0 0.698611 0.721875 0.025000 0.015625
0 0.788889 0.739062 0.172222 0.096875
0 0.738889 0.692969 0.027778 0.042188
0 0.693056 0.664844 0.058333 0.032813
0 0.473611 0.660156 0.236111 0.107813
0 0.988889 0.508984 0.022222 0.017969
0 0.457639 0.501563 0.020833 0.012500
0 0.143056 0.610156 0.269444 0.332813
0 0.625000 0.531250 0.327778 0.215625
0 0.576389 0.400391 0.041667 0.022656
0 0.762500 0.375000 0.052778 0.015625
0 0.268056 0.355078 0.063889 0.033594
0 0.609722 0.334375 0.019444 0.012500
0 0.692361 0.372656 0.126389 0.114062
0 0.131944 0.315625 0.263889 0.225000
0 0.086806 0.105469 0.173611 0.189062
0 0.570833 0.029687 0.113889 0.059375
0 0.426389 0.024219 0.113889 0.048438
0 0.344444 0.006250 0.022222 0.012500
0 0.209028 0.006250 0.020833 0.012500
0 0.145139 0.012500 0.048611 0.025000
