0 0.631944 0.905469 0.025000 0.010937
0 0.981944 0.830469 0.036111 0.014063
0 0.154167 0.735938 0.025000 0.012500
0 0.529167 0.683594 0.025000 0.010937
0 0.465278 0.643750 0.025000 0.028125
0 0.293056 0.608594 0.052778 0.039062
0 0.375000 0.584375 0.033333 0.012500
0 0.677778 0.578906 0.033333 0.017188
0 0.202778 0.522656 0.022222 0.017188
0 0.555556 0.489063 0.016667 0.012500
0 0.913889 0.485938 0.022222 0.012500
0 0.512500 0.485938 0.041667 0.015625
0 0.709722 0.479687 0.019444 0.018750
0 0.627778 0.473438 0.105556 0.043750
0 0.504167 0.455469 0.041667 0.026562
0 0.580556 0.441406 0.016667 0.010937
0 0.590278 0.419531 0.030556 0.014063
0 0.940278 0.450781 0.119444 0.079687
0 0.779167 0.402344 0.063889 0.017188
0 0.776389 0.387500 0.025000 0.012500
0 0.470833 0.398438 0.063889 0.034375
0 0.145833 0.383594 0.019444 0.010937
0 0.488889 0.364063 0.022222 0.021875
0 0.413889 0.357031 0.016667 0.020313
0 0.306944 0.372656 0.125000 0.051562
0 0.202778 0.339062 0.022222 0.012500
0 0.554167 0.329688 0.080556 0.028125
0 0.329167 0.326562 0.025000 0.028125
0 0.009722 0.308594 0.019444 0.010937
0 0.902778 0.335938 0.194444 0.081250
0 0.077778 0.296875 0.033333 0.012500
0 0.681944 0.285156 0.025000 0.010937
0 0.468056 0.287500 0.058333 0.015625
0 0.543056 0.275781 0.019444 0.014063
0 0.391667 0.283594 0.044444 0.051562
0 0.305556 0.275781 0.066667 0.039062
0 0.781944 0.274219 0.091667 0.048438
0 0.226389 0.248438 0.025000 0.012500
0 0.034722 0.246875 0.019444 0.012500
0 0.426389 0.241406 0.019444 0.014063
0 0.466667 0.238281 0.022222 0.010937
0 0.619444 0.262500 0.144444 0.065625
0 0.536111 0.217188 0.066667 0.025000
0 0.663889 0.207031 0.033333 0.032813
0 0.358333 0.196094 0.122222 0.098437
0 0.419444 0.145313 0.055556 0.034375
0 0.466667 0.125000 0.022222 0.012500
0 0.365278 0.117969 0.025000 0.014063
0 0.311111 0.110156 0.088889 0.026562
0 0.433333 0.100781 0.027778 0.026562
0 0.023611 0.092969 0.025000 0.023438
0 0.070833 0.035937 0.141667 0.071875
