0 0.372222 0.994531 0.022222 0.010937
0 0.596528 0.986328 0.059722 0.027344
0 0.553472 0.985547 0.034722 0.028906
0 0.943056 0.805469 0.027778 0.017188
0 0.318056 0.892969 0.330556 0.214062
0 0.291667 0.765625 0.027778 0.018750
0 0.120833 0.780859 0.086111 0.058594
0 0.240278 0.735938 0.025000 0.015625
0 0.375000 0.741406 0.066667 0.035937
0 0.945833 0.651563 0.047222 0.012500
0 0.933333 0.586719 0.044444 0.023438
0 0.331944 0.541406 0.041667 0.029687
0 0.108333 0.635938 0.216667 0.242188
0 0.022222 0.499219 0.016667 0.026562
0 0.613194 0.492578 0.026389 0.022656
0 0.247222 0.512109 0.091667 0.066406
0 0.420833 0.462500 0.036111 0.012500
0 0.948611 0.467187 0.102778 0.031250
0 0.261111 0.462891 0.055556 0.035156
0 0.020833 0.451172 0.041667 0.053906
0 0.843056 0.411719 0.030556 0.014063
0 0.468750 0.348438 0.062500 0.021875
0 0.267361 0.337891 0.062500 0.013281
0 0.133333 0.367188 0.105556 0.087500
0 0.468056 0.330078 0.055556 0.016406
0 0.025000 0.304688 0.038889 0.015625
0 0.529167 0.302734 0.036111 0.024219
0 0.207639 0.301172 0.059722 0.027344
0 0.125000 0.265625 0.038889 0.028125
0 0.098611 0.185156 0.025000 0.020313
0 0.045833 0.201563 0.091667 0.053125
0 0.210417 0.144141 0.023611 0.017969
0 0.233333 0.131250 0.022222 0.012500
0 0.165972 0.151953 0.076389 0.057031
0 0.045833 0.101172 0.047222 0.022656
0 0.573611 0.096094 0.041667 0.023438
0 0.247222 0.067969 0.494444 0.135937
