0 0.040278 0.990625 0.013889 0.018750
0 0.972222 0.981250 0.033333 0.037500
0 0.108333 0.965625 0.072222 0.068750
0 0.845833 0.931250 0.013889 0.028125
0 0.134722 0.917969 0.013889 0.023438
0 0.204861 0.913672 0.023611 0.053906
0 0.970139 0.884375 0.026389 0.012500
0 0.184722 0.870313 0.063889 0.028125
0 0.124306 0.855469 0.040278 0.010937
0 0.990278 0.837500 0.019444 0.018750
0 0.097222 0.802344 0.194444 0.110937
0 0.051389 0.727344 0.041667 0.023438
0 0.530556 0.623437 0.055556 0.043750
0 0.927083 0.617969 0.145833 0.107813
0 0.331944 0.563281 0.041667 0.025000
0 0.220833 0.746875 0.391667 0.412500
0 0.311111 0.542969 0.036111 0.020313
0 0.348611 0.542969 0.036111 0.029687
0 0.278472 0.501172 0.112500 0.078906
0 0.897222 0.426953 0.136111 0.091406
0 0.822222 0.366406 0.061111 0.026562
0 0.208333 0.198047 0.030556 0.027344
0 0.118056 0.183594 0.041667 0.039062
0 0.481944 0.148828 0.022222 0.038281
0 0.561806 0.094531 0.215278 0.092188
0 0.576389 0.037500 0.019444 0.023438
0 0.827778 0.146484 0.344444 0.292969
0 0.550000 0.028906 0.066667 0.057813
0 0.243056 0.088281 0.486111 0.176563
