0 0.686111 0.971094 0.016667 0.023438
0 0.543056 0.899219 0.036111 0.010937
0 0.909722 0.876563 0.097222 0.046875
0 0.806944 0.792188 0.013889 0.012500
0 0.347222 0.616406 0.077778 0.029687
0 0.916667 0.629687 0.166667 0.059375
0 0.483333 0.602344 0.044444 0.017188
0 0.254167 0.590625 0.030556 0.012500
0 0.305556 0.583594 0.061111 0.026562
0 0.265278 0.559375 0.019444 0.009375
0 0.183333 0.557031 0.027778 0.014063
0 0.984722 0.551562 0.030556 0.009375
0 0.908333 0.557813 0.094444 0.065625
0 0.979167 0.524219 0.041667 0.020313
0 0.318056 0.493750 0.019444 0.009375
0 0.080556 0.432031 0.016667 0.010937
0 0.936111 0.448437 0.127778 0.112500
0 0.302778 0.395313 0.016667 0.009375
0 0.588889 0.360938 0.027778 0.021875
0 0.920833 0.363281 0.158333 0.035937
0 0.502778 0.321875 0.022222 0.012500
0 0.320833 0.296094 0.119444 0.023438
0 0.698611 0.275781 0.013889 0.014063
0 0.130556 0.271875 0.016667 0.012500
0 0.605556 0.288281 0.200000 0.092188
0 0.368056 0.245312 0.036111 0.015625
0 0.070833 0.245312 0.025000 0.015625
0 0.686111 0.233594 0.027778 0.017188
0 0.287500 0.232813 0.108333 0.075000
0 0.222222 0.194531 0.055556 0.020313
0 0.179167 0.189062 0.025000 0.012500
0 0.120139 0.204687 0.081944 0.065625
0 0.477778 0.160156 0.022222 0.010937
0 0.398611 0.164062 0.041667 0.018750
0 0.381944 0.136719 0.030556 0.010937
0 0.320833 0.112500 0.036111 0.037500
