0 0.900000 0.966406 0.033333 0.017188
0 0.958333 0.910156 0.044444 0.017188
0 0.880556 0.860156 0.016667 0.010937
0 0.940278 0.844531 0.063889 0.032813
0 0.897222 0.807813 0.016667 0.015625
0 0.809722 0.786719 0.047222 0.029687
0 0.927778 0.778125 0.144444 0.040625
0 0.984722 0.737500 0.030556 0.006250
0 0.683333 0.731250 0.011111 0.012500
0 0.775000 0.732031 0.027778 0.017188
0 0.981944 0.717969 0.036111 0.023438
0 0.923611 0.708594 0.063889 0.017188
0 0.736111 0.704688 0.044444 0.018750
0 0.886111 0.675000 0.022222 0.015625
0 0.963889 0.684375 0.072222 0.040625
0 0.868056 0.650000 0.019444 0.012500
0 0.979167 0.651563 0.041667 0.025000
0 0.877778 0.631250 0.022222 0.012500
0 0.823611 0.623437 0.025000 0.009375
0 0.779167 0.609375 0.025000 0.009375
0 0.993056 0.606250 0.013889 0.012500
0 0.919444 0.610156 0.022222 0.026562
0 0.731944 0.603125 0.030556 0.012500
0 0.701389 0.595313 0.025000 0.015625
0 0.848611 0.575781 0.019444 0.010937
0 0.812500 0.563281 0.025000 0.014063
0 0.841667 0.539062 0.033333 0.012500
0 0.902778 0.529687 0.038889 0.018750
0 0.952778 0.532031 0.094444 0.120313
0 0.550000 0.475781 0.022222 0.017188
0 0.231944 0.458594 0.013889 0.020313
0 0.727778 0.454688 0.022222 0.015625
0 0.693056 0.450781 0.058333 0.020313
0 0.475000 0.438281 0.022222 0.010937
0 0.408333 0.433594 0.027778 0.010937
0 0.594444 0.420312 0.022222 0.015625
0 0.522222 0.406250 0.022222 0.012500
0 0.788889 0.440625 0.144444 0.090625
0 0.604167 0.392188 0.030556 0.028125
0 0.169444 0.386719 0.022222 0.017188
0 0.386111 0.382031 0.044444 0.039062
0 0.911111 0.428125 0.177778 0.134375
0 0.084722 0.373437 0.041667 0.028125
0 0.643056 0.361719 0.041667 0.023438
0 0.579167 0.367188 0.041667 0.034375
0 0.520833 0.353125 0.069444 0.031250
0 0.594444 0.337500 0.011111 0.012500
0 0.572222 0.323437 0.027778 0.009375
0 0.273611 0.325000 0.025000 0.012500
0 0.356944 0.325781 0.063889 0.026562
0 0.302778 0.313281 0.027778 0.010937
0 0.583333 0.300781 0.022222 0.010937
0 0.469444 0.311719 0.050000 0.039062
0 0.559722 0.286719 0.025000 0.014063
0 0.373611 0.268750 0.075000 0.056250
0 0.302778 0.235937 0.016667 0.012500
0 0.186111 0.201563 0.038889 0.021875
0 0.419444 0.175000 0.011111 0.012500
0 0.205556 0.176563 0.111111 0.028125
0 0.519444 0.161719 0.033333 0.010937
0 0.234722 0.153906 0.025000 0.017188
0 0.658333 0.119531 0.016667 0.010937
0 0.208333 0.128906 0.044444 0.035937
0 0.270833 0.114062 0.030556 0.015625
0 0.316667 0.109375 0.033333 0.034375
0 0.138889 0.087500 0.022222 0.021875
0 0.627778 0.247656 0.744444 0.345313
0 0.505556 0.075000 0.022222 0.012500
0 0.202778 0.075781 0.122222 0.048438
0 0.191667 0.043750 0.027778 0.012500
0 0.144444 0.018750 0.022222 0.012500
0 0.347222 0.092188 0.266667 0.184375
0 0.073611 0.017969 0.080556 0.035937
