0 0.898611 0.850781 0.036111 0.010937
0 0.958333 0.828125 0.083333 0.031250
0 0.841667 0.798438 0.033333 0.018750
0 0.812500 0.792969 0.019444 0.010937
0 0.908333 0.790625 0.072222 0.012500
0 0.754167 0.767188 0.025000 0.012500
0 0.893056 0.764844 0.030556 0.014063
0 0.969444 0.714063 0.022222 0.009375
0 0.626389 0.675781 0.019444 0.014063
0 0.633333 0.650000 0.022222 0.009375
0 0.856944 0.598437 0.019444 0.012500
0 0.373611 0.565625 0.013889 0.012500
0 0.650000 0.495312 0.022222 0.015625
0 0.861111 0.496094 0.133333 0.029687
0 0.984722 0.464844 0.030556 0.010937
0 0.588889 0.457031 0.022222 0.014063
0 0.898611 0.442969 0.041667 0.017188
0 0.833333 0.449219 0.127778 0.039062
0 0.672222 0.434375 0.022222 0.009375
0 0.649306 0.418750 0.029167 0.025000
0 0.829167 0.415625 0.091667 0.040625
0 0.615278 0.403906 0.047222 0.017188
0 0.730556 0.400000 0.094444 0.025000
0 0.922222 0.364844 0.061111 0.020313
0 0.852083 0.353125 0.018056 0.012500
0 0.858333 0.324219 0.033333 0.014063
0 0.831944 0.306250 0.025000 0.015625
0 0.055556 0.232813 0.022222 0.015625
0 0.079167 0.211719 0.036111 0.029687
0 0.013889 0.189062 0.027778 0.028125
0 0.086111 0.175781 0.061111 0.039062
0 0.380556 0.114844 0.016667 0.010937
0 0.009722 0.117188 0.019444 0.028125
0 0.009722 0.078906 0.019444 0.010937
0 0.027778 0.016406 0.055556 0.020313
