0 0.961111 0.928125 0.077778 0.037500
0 0.938889 0.881250 0.066667 0.031250
0 0.763889 0.875781 0.050000 0.035937
0 0.886111 0.864062 0.027778 0.018750
0 0.798611 0.850781 0.019444 0.017188
0 0.776389 0.825000 0.025000 0.006250
0 0.901389 0.832812 0.063889 0.034375
0 0.680556 0.818750 0.016667 0.012500
0 0.279167 0.801562 0.041667 0.015625
0 0.584722 0.799219 0.019444 0.017188
0 0.895833 0.794531 0.036111 0.023438
0 0.816667 0.789062 0.094444 0.075000
0 0.504167 0.756250 0.019444 0.018750
0 0.827778 0.742188 0.027778 0.025000
0 0.487500 0.742969 0.030556 0.029687
0 0.684722 0.742188 0.075000 0.059375
0 0.676389 0.707812 0.025000 0.009375
0 0.434722 0.711719 0.030556 0.026562
0 0.483333 0.644531 0.094444 0.051562
0 0.609722 0.605859 0.025000 0.010156
0 0.152778 0.591406 0.050000 0.014063
0 0.455556 0.585938 0.111111 0.071875
0 0.263889 0.553906 0.038889 0.023438
0 0.122222 0.543750 0.066667 0.028125
0 0.445833 0.547656 0.047222 0.039062
0 0.127778 0.523438 0.022222 0.012500
0 0.129167 0.505469 0.019444 0.010937
0 0.056944 0.480469 0.047222 0.029687
0 0.141667 0.467187 0.105556 0.040625
0 0.858333 0.442969 0.027778 0.010937
0 0.123611 0.428125 0.019444 0.012500
0 0.963889 0.442188 0.072222 0.043750
0 0.236111 0.459375 0.094444 0.087500
0 0.016667 0.425000 0.033333 0.040625
0 0.068056 0.407813 0.047222 0.028125
0 0.130556 0.389062 0.083333 0.046875
0 0.183333 0.369531 0.022222 0.026562
0 0.255556 0.360156 0.022222 0.010937
0 0.212500 0.354687 0.030556 0.015625
0 0.159722 0.341406 0.041667 0.029687
0 0.023611 0.336719 0.047222 0.051562
0 0.920833 0.317188 0.019444 0.018750
0 0.958333 0.308594 0.050000 0.014063
0 0.040278 0.305469 0.019444 0.020313
0 0.286111 0.308594 0.077778 0.035937
0 0.288889 0.292187 0.027778 0.009375
0 0.194444 0.296875 0.033333 0.021875
0 0.109722 0.286719 0.052778 0.014063
0 0.366667 0.257031 0.011111 0.014063
0 0.255556 0.254688 0.044444 0.025000
0 0.779167 0.250000 0.019444 0.018750
0 0.026389 0.246875 0.019444 0.012500
0 0.097222 0.253125 0.088889 0.034375
0 0.106944 0.231250 0.036111 0.012500
0 0.041667 0.215625 0.016667 0.018750
0 0.754167 0.211719 0.036111 0.020313
0 0.176389 0.202344 0.030556 0.014063
0 0.747222 0.178906 0.061111 0.029687
0 0.230556 0.148438 0.016667 0.018750
0 0.045833 0.138281 0.025000 0.014063
0 0.038889 0.098437 0.050000 0.034375
0 0.536111 0.042969 0.033333 0.017188
0 0.563889 0.025000 0.016667 0.012500
0 0.472222 0.025000 0.077778 0.050000
0 0.537500 0.431250 0.925000 0.862500
0 0.048611 0.043750 0.097222 0.087500
