0 0.495833 0.973437 0.019444 0.009375
0 0.852778 0.779687 0.016667 0.012500
0 0.784722 0.702344 0.013889 0.020313
0 0.690278 0.689844 0.036111 0.020313
0 0.933333 0.662500 0.022222 0.012500
0 0.884722 0.643750 0.013889 0.012500
0 0.973611 0.642188 0.052778 0.018750
0 0.925000 0.627344 0.061111 0.010937
0 0.976389 0.579688 0.047222 0.034375
0 0.886111 0.551562 0.022222 0.009375
0 0.263889 0.542188 0.027778 0.009375
0 0.937500 0.535156 0.125000 0.045312
0 0.790278 0.517969 0.041667 0.020313
0 0.990278 0.499219 0.019444 0.010937
0 0.815278 0.493750 0.113889 0.025000
0 0.981944 0.469531 0.036111 0.029687
0 0.908333 0.460938 0.016667 0.012500
0 0.030556 0.464844 0.061111 0.042188
0 0.123611 0.440625 0.025000 0.006250
0 0.806944 0.450781 0.047222 0.032813
0 0.873611 0.428906 0.036111 0.014063
0 0.988889 0.414062 0.022222 0.009375
0 0.955556 0.424219 0.088889 0.029687
0 0.383333 0.414844 0.027778 0.014063
0 0.736111 0.403125 0.022222 0.021875
0 0.827778 0.396094 0.061111 0.032813
0 0.413889 0.380469 0.033333 0.017188
0 0.316667 0.375781 0.022222 0.010937
0 0.931944 0.389062 0.136111 0.050000
0 0.115278 0.367188 0.025000 0.009375
0 0.843056 0.360938 0.052778 0.018750
0 0.301389 0.346875 0.025000 0.015625
0 0.256944 0.345313 0.041667 0.018750
0 0.369444 0.334375 0.105556 0.043750
0 0.252778 0.317969 0.055556 0.029687
0 0.923611 0.296875 0.019444 0.009375
0 0.909722 0.315625 0.180556 0.081250
0 0.575000 0.278906 0.022222 0.014063
0 0.695833 0.312500 0.158333 0.084375
0 0.333333 0.289844 0.044444 0.039062
0 0.779167 0.250000 0.025000 0.012500
0 0.516667 0.263281 0.066667 0.048438
0 0.222222 0.260937 0.072222 0.043750
0 0.827778 0.240625 0.022222 0.009375
0 0.320833 0.223438 0.019444 0.009375
0 0.233333 0.221094 0.022222 0.020313
0 0.169444 0.213281 0.022222 0.023438
0 0.058333 0.214062 0.116667 0.084375
0 0.316667 0.182812 0.100000 0.043750
0 0.655556 0.201563 0.222222 0.096875
0 0.098611 0.156250 0.025000 0.012500
0 0.666667 0.150000 0.022222 0.012500
0 0.431944 0.142187 0.025000 0.012500
0 0.223611 0.136719 0.058333 0.026562
0 0.525000 0.132031 0.088889 0.048438
0 0.054167 0.128906 0.080556 0.042188
0 0.363889 0.117188 0.155556 0.065625
0 0.186111 0.091406 0.038889 0.026562
0 0.063889 0.071875 0.022222 0.012500
0 0.290278 0.069531 0.069444 0.023438
0 0.409722 0.064844 0.036111 0.039062
0 0.179167 0.049219 0.025000 0.010937
0 0.036111 0.050000 0.016667 0.025000
0 0.179167 0.007812 0.025000 0.015625
0 0.105556 0.080469 0.138889 0.160938
