0 0.186111 0.982812 0.027778 0.034375
0 0.943056 0.966406 0.025000 0.017188
0 0.011111 0.977734 0.022222 0.044531
0 0.774306 0.949219 0.018056 0.025000
0 0.437500 0.933594 0.019444 0.023438
0 0.752083 0.935156 0.023611 0.045312
0 0.113194 0.950781 0.093056 0.098437
0 0.772917 0.913281 0.034722 0.039062
0 0.463889 0.876953 0.016667 0.014844
0 0.740278 0.871484 0.033333 0.032031
0 0.156250 0.820703 0.029167 0.024219
0 0.948611 0.820703 0.041667 0.032031
0 0.046528 0.835156 0.093056 0.070312
0 0.156944 0.792188 0.050000 0.042188
0 0.113194 0.778906 0.065278 0.023438
0 0.970833 0.764844 0.030556 0.020313
0 0.384028 0.764062 0.037500 0.018750
0 0.038889 0.749219 0.050000 0.026562
0 0.959722 0.724609 0.047222 0.028906
0 0.920139 0.691406 0.048611 0.020313
0 0.014583 0.689844 0.029167 0.032813
0 0.038194 0.672656 0.018056 0.029687
0 0.975000 0.639453 0.050000 0.019531
0 0.945833 0.632422 0.019444 0.019531
0 0.108333 0.646484 0.077778 0.052344
0 0.990278 0.582812 0.019444 0.025000
0 0.230556 0.551562 0.086111 0.034375
0 0.333333 0.580469 0.122222 0.107813
0 0.070833 0.477344 0.141667 0.117188
0 0.934722 0.353906 0.125000 0.123438
0 0.294444 0.273828 0.019444 0.030469
0 0.184722 0.389062 0.363889 0.296875
0 0.182639 0.234766 0.020833 0.025781
0 0.320833 0.220312 0.033333 0.034375
0 0.201389 0.203906 0.019444 0.026562
0 0.248611 0.187500 0.091667 0.045312
0 0.986111 0.147656 0.027778 0.025000
0 0.912500 0.151562 0.125000 0.103125
0 0.845833 0.084375 0.063889 0.040625
0 0.895833 0.006250 0.036111 0.012500
