0 0.990972 0.994141 0.018056 0.011719
0 0.761806 0.993750 0.026389 0.012500
0 0.743056 0.992969 0.019444 0.010937
0 0.663889 0.978125 0.105556 0.043750
0 0.983333 0.960547 0.033333 0.052344
0 0.879861 0.967187 0.140278 0.065625
0 0.854167 0.906250 0.025000 0.012500
0 0.795833 0.913281 0.080556 0.029687
0 0.743750 0.896875 0.026389 0.012500
0 0.681944 0.880859 0.050000 0.027344
0 0.626389 0.878125 0.025000 0.025000
0 0.988889 0.876563 0.022222 0.025000
0 0.429167 0.875000 0.030556 0.021875
0 0.618056 0.850781 0.075000 0.020313
0 0.888889 0.849219 0.150000 0.082812
0 0.717361 0.832031 0.168056 0.070312
0 0.950000 0.796484 0.033333 0.013281
0 0.831944 0.805469 0.080556 0.032813
0 0.988889 0.780469 0.022222 0.007812
0 0.679167 0.785156 0.041667 0.035937
0 0.786111 0.759375 0.033333 0.012500
0 0.879861 0.768359 0.087500 0.046094
0 0.709722 0.754687 0.052778 0.018750
0 0.575000 0.754687 0.027778 0.028125
0 0.823611 0.740625 0.025000 0.021875
0 0.594444 0.730469 0.033333 0.014063
0 0.365278 0.707812 0.052778 0.009375
0 0.862500 0.707031 0.075000 0.020313
0 0.466667 0.705469 0.022222 0.017188
0 0.790278 0.691406 0.047222 0.017188
0 0.977778 0.692578 0.044444 0.044531
0 0.634722 0.688281 0.075000 0.042188
0 0.452778 0.664062 0.038889 0.015625
0 0.938889 0.661719 0.061111 0.014063
0 0.623611 0.658594 0.019444 0.014063
0 0.783333 0.646875 0.022222 0.012500
0 0.701389 0.687500 0.113889 0.093750
0 0.668056 0.643750 0.041667 0.018750
0 0.777778 0.625000 0.016667 0.018750
0 0.468056 0.616406 0.019444 0.014063
0 0.287500 0.616406 0.019444 0.014063
0 0.612500 0.614062 0.019444 0.015625
0 0.550000 0.621875 0.083333 0.062500
0 0.709722 0.595313 0.013889 0.018750
0 0.565278 0.582812 0.025000 0.009375
0 0.656944 0.585938 0.041667 0.018750
0 0.486111 0.573438 0.050000 0.031250
0 0.265278 0.558594 0.025000 0.014063
0 0.566667 0.557031 0.027778 0.017188
0 0.768056 0.578906 0.097222 0.064062
0 0.334722 0.546875 0.025000 0.006250
0 0.745833 0.549219 0.080556 0.045312
0 0.420833 0.529687 0.025000 0.009375
0 0.316667 0.521094 0.016667 0.010937
0 0.537500 0.509375 0.025000 0.021875
0 0.196528 0.512500 0.018056 0.028125
0 0.494444 0.518750 0.055556 0.043750
0 0.815278 0.510938 0.047222 0.037500
0 0.436111 0.477344 0.044444 0.026562
0 0.329167 0.457031 0.041667 0.017188
0 0.302778 0.440625 0.022222 0.015625
0 0.183333 0.415625 0.027778 0.009375
0 0.233333 0.418750 0.016667 0.018750
0 0.205556 0.403125 0.033333 0.012500
0 0.369444 0.350000 0.027778 0.018750
0 0.112500 0.342187 0.025000 0.012500
0 0.402778 0.385156 0.155556 0.110937
0 0.559722 0.325781 0.025000 0.020313
0 0.243056 0.321094 0.025000 0.023438
0 0.347222 0.318750 0.044444 0.021875
0 0.281944 0.315625 0.019444 0.018750
0 0.172222 0.307031 0.033333 0.017188
0 0.554167 0.300781 0.047222 0.023438
0 0.256944 0.273438 0.025000 0.009375
0 0.420833 0.254688 0.030556 0.015625
0 0.344444 0.255469 0.044444 0.020313
0 0.404167 0.235937 0.019444 0.009375
0 0.597222 0.230469 0.022222 0.020313
0 0.540278 0.252344 0.136111 0.073438
0 0.358333 0.207813 0.027778 0.012500
0 0.395833 0.198437 0.025000 0.015625
0 0.323611 0.190625 0.019444 0.009375
0 0.276389 0.182031 0.019444 0.017188
0 0.231944 0.132812 0.058333 0.015625
0 0.312500 0.121875 0.036111 0.028125
0 0.222222 0.100781 0.027778 0.010937
0 0.202778 0.069531 0.038889 0.014063
0 0.181944 0.075000 0.030556 0.028125
0 0.270833 0.067187 0.030556 0.021875
0 0.270833 0.027344 0.025000 0.026562
0 0.388889 0.014844 0.016667 0.020313
0 0.636111 0.325781 0.727778 0.651563
0 0.340278 0.020313 0.063889 0.040625
0 0.272222 0.005469 0.022222 0.010937
0 0.091667 0.004687 0.027778 0.009375
0 0.056944 0.013281 0.047222 0.026562
