0 0.908333 0.907031 0.016667 0.010937
0 0.462500 0.860938 0.019444 0.012500
0 0.848611 0.804688 0.025000 0.009375
0 0.923611 0.775781 0.036111 0.014063
0 0.776389 0.753125 0.019444 0.009375
0 0.554167 0.734375 0.019444 0.009375
0 0.597222 0.726562 0.050000 0.046875
0 0.698611 0.700781 0.047222 0.010937
0 0.504167 0.639844 0.036111 0.014063
0 0.988889 0.632812 0.022222 0.006250
0 0.669444 0.625000 0.027778 0.009375
0 0.818056 0.600781 0.036111 0.014063
0 0.941667 0.585938 0.116667 0.043750
0 0.812500 0.570312 0.052778 0.028125
0 0.886111 0.555469 0.016667 0.014063
0 0.897222 0.534375 0.027778 0.015625
0 0.779167 0.514844 0.086111 0.042188
0 0.711111 0.471094 0.027778 0.017188
0 0.055556 0.470313 0.072222 0.025000
0 0.595833 0.478125 0.125000 0.056250
0 0.202778 0.450781 0.044444 0.010937
0 0.619444 0.440625 0.011111 0.018750
0 0.859722 0.442969 0.097222 0.029687
0 0.287500 0.432812 0.036111 0.012500
0 0.025000 0.436719 0.044444 0.020313
0 0.988889 0.396094 0.022222 0.007812
0 0.122222 0.396094 0.027778 0.014063
0 0.737500 0.392188 0.030556 0.012500
0 0.833333 0.383594 0.027778 0.014063
0 0.681944 0.396094 0.052778 0.060937
0 0.597222 0.393750 0.072222 0.056250
0 0.501389 0.364063 0.025000 0.006250
0 0.922222 0.376563 0.155556 0.059375
0 0.701389 0.346875 0.119444 0.034375
0 0.831944 0.328906 0.080556 0.017188
0 0.977778 0.311719 0.022222 0.020313
0 0.634722 0.304688 0.147222 0.087500
0 0.709722 0.257031 0.025000 0.017188
0 0.743056 0.237500 0.052778 0.018750
0 0.308333 0.220312 0.050000 0.015625
0 0.601389 0.216406 0.108333 0.042188
0 0.054167 0.144531 0.108333 0.035937
0 0.188889 0.126562 0.044444 0.031250
0 0.102778 0.101562 0.033333 0.028125
0 0.330556 0.139063 0.183333 0.109375
0 0.037500 0.087500 0.075000 0.075000
0 0.129167 0.017969 0.052778 0.026562
