0 0.388889 0.983594 0.072222 0.032813
0 0.234722 0.978906 0.108333 0.042188
0 0.542361 0.955859 0.068056 0.044531
0 0.710417 0.916406 0.015278 0.032813
0 0.290278 0.896094 0.102778 0.050000
0 0.636806 0.877344 0.031944 0.026562
0 0.277083 0.863281 0.026389 0.015625
0 0.788889 0.887500 0.127778 0.084375
0 0.563194 0.848828 0.045833 0.021094
0 0.740972 0.819141 0.023611 0.010156
0 0.688889 0.825391 0.072222 0.069531
0 0.575000 0.792188 0.027778 0.021875
0 0.561806 0.781250 0.026389 0.025000
0 0.251389 0.766406 0.025000 0.007812
0 0.461111 0.801172 0.211111 0.094531
0 0.681250 0.753516 0.034722 0.011719
0 0.180556 0.682813 0.038889 0.018750
0 0.166667 0.785937 0.222222 0.246875
0 0.986111 0.646094 0.027778 0.035937
0 0.770833 0.639844 0.030556 0.023438
0 0.987500 0.610938 0.025000 0.012500
0 0.090278 0.626953 0.130556 0.088281
0 0.611111 0.668750 0.344444 0.201563
0 0.712500 0.556250 0.063889 0.025000
0 0.731944 0.535547 0.036111 0.033594
0 0.276389 0.499609 0.025000 0.014844
0 0.268056 0.395313 0.030556 0.015625
0 0.133333 0.462500 0.266667 0.209375
0 0.559722 0.207422 0.030556 0.019531
0 0.103472 0.263281 0.206944 0.167187
0 0.191667 0.175781 0.033333 0.014063
0 0.592361 0.151172 0.070833 0.053906
0 0.882639 0.124609 0.026389 0.011719
0 0.872222 0.112109 0.016667 0.022656
0 0.856250 0.084766 0.023611 0.017969
0 0.850694 0.069531 0.029167 0.020313
0 0.128472 0.089063 0.098611 0.081250
0 0.920139 0.042578 0.159722 0.055469
0 0.971528 0.005469 0.045833 0.010937
0 0.523611 0.099219 0.658333 0.198437
0 0.026389 0.015625 0.052778 0.031250
