0 0.043056 0.992578 0.041667 0.014844
0 0.194444 0.982422 0.050000 0.017969
0 0.135417 0.969531 0.043056 0.035937
0 0.980556 0.962109 0.036111 0.022656
0 0.403472 0.946094 0.045833 0.026562
0 0.069444 0.939063 0.044444 0.028125
0 0.990278 0.915234 0.019444 0.021094
0 0.027778 0.889453 0.055556 0.035156
0 0.984028 0.873437 0.031944 0.031250
0 0.144444 0.823828 0.066667 0.047656
0 0.013889 0.777734 0.027778 0.008594
0 0.238194 0.770312 0.018056 0.015625
0 0.234722 0.747266 0.030556 0.019531
0 0.209028 0.743359 0.045833 0.025781
0 0.200694 0.709766 0.026389 0.017969
0 0.109722 0.676562 0.219444 0.112500
0 0.561111 0.509766 0.038889 0.033594
0 0.331944 0.495312 0.022222 0.018750
0 0.940972 0.508594 0.118056 0.110937
0 0.327083 0.444531 0.037500 0.017188
0 0.268056 0.432812 0.047222 0.025000
0 0.251389 0.611719 0.380556 0.395313
0 0.932639 0.360938 0.026389 0.014063
0 0.325000 0.388672 0.144444 0.096094
0 0.898611 0.351562 0.088889 0.026562
0 0.925000 0.307422 0.116667 0.067969
0 0.854167 0.255469 0.052778 0.020313
0 0.225694 0.062109 0.043056 0.025781
0 0.104861 0.044922 0.018056 0.014844
0 0.515972 0.030469 0.020833 0.026562
0 0.886111 0.088672 0.227778 0.177344
0 0.610417 0.006250 0.062500 0.012500
0 0.188889 0.033984 0.266667 0.067969
