0 0.283333 0.973437 0.016667 0.021875
0 0.691667 0.969922 0.050000 0.038281
0 0.769444 0.917578 0.022222 0.017969
0 0.492361 0.953906 0.198611 0.092188
0 0.786806 0.862891 0.026389 0.010156
0 0.192361 0.846094 0.043056 0.017188
0 0.179167 0.916016 0.180556 0.167969
0 0.490972 0.821875 0.029167 0.015625
0 0.097222 0.812500 0.033333 0.015625
0 0.790278 0.812500 0.025000 0.018750
0 0.743056 0.810547 0.069444 0.052344
0 0.122222 0.792578 0.122222 0.089844
0 0.613889 0.843750 0.333333 0.209375
0 0.697917 0.738672 0.034722 0.014844
0 0.075694 0.726562 0.031944 0.015625
0 0.731944 0.718359 0.019444 0.021094
0 0.758333 0.701562 0.022222 0.021875
0 0.339583 0.658984 0.031944 0.014844
0 0.315278 0.567969 0.030556 0.014063
0 0.035417 0.390625 0.070833 0.028125
0 0.162500 0.544531 0.325000 0.379688
0 0.656944 0.359375 0.019444 0.021875
0 0.638889 0.337109 0.033333 0.013281
0 0.215972 0.334375 0.018056 0.021875
0 0.918056 0.307812 0.022222 0.015625
0 0.016667 0.336328 0.033333 0.072656
0 0.238889 0.303906 0.027778 0.017188
0 0.215278 0.272656 0.136111 0.079687
0 0.293750 0.226562 0.023611 0.010937
0 0.925694 0.232813 0.148611 0.078125
0 0.983333 0.176172 0.033333 0.030469
0 0.972222 0.137109 0.055556 0.038281
0 0.986111 0.076563 0.027778 0.032813
0 0.500000 0.191016 1.000000 0.382031
