0 0.409722 0.992188 0.019444 0.015625
0 0.522222 0.989453 0.022222 0.013281
0 0.994444 0.988281 0.011111 0.023438
0 0.211111 0.987500 0.022222 0.025000
0 0.290972 0.982422 0.084722 0.035156
0 0.338889 0.964063 0.044444 0.018750
0 0.632639 0.950391 0.031944 0.011719
0 0.845139 0.901563 0.037500 0.012500
0 0.083333 0.946875 0.166667 0.106250
0 0.072222 0.888281 0.033333 0.014063
0 0.898611 0.874609 0.022222 0.011719
0 0.025000 0.790625 0.027778 0.015625
0 0.037500 0.769531 0.019444 0.017188
0 0.558333 0.775000 0.044444 0.035937
0 0.041667 0.759375 0.016667 0.014063
0 0.227083 0.711719 0.029167 0.023438
0 0.236806 0.684766 0.040278 0.022656
0 0.931944 0.740625 0.136111 0.137500
0 0.386111 0.673047 0.036111 0.008594
0 0.220833 0.806250 0.336111 0.320312
0 0.319444 0.621484 0.025000 0.011719
0 0.854861 0.600000 0.026389 0.018750
0 0.852083 0.560156 0.031944 0.034375
0 0.920139 0.566016 0.137500 0.086719
0 0.848611 0.511719 0.041667 0.020313
0 0.234028 0.365625 0.040278 0.031250
0 0.290972 0.352734 0.040278 0.016406
0 0.055556 0.319531 0.022222 0.010937
0 0.512500 0.311328 0.019444 0.035156
0 0.500000 0.226562 1.000000 0.453125
