0 0.033333 0.994922 0.022222 0.010156
0 0.109028 0.980078 0.087500 0.039844
0 0.861111 0.958203 0.038889 0.019531
0 0.100000 0.956250 0.027778 0.018750
0 0.055556 0.861719 0.022222 0.017188
0 0.562500 0.844531 0.033333 0.023438
0 0.070833 0.837500 0.030556 0.032813
0 0.578472 0.836328 0.043056 0.036719
0 0.933333 0.808594 0.133333 0.120313
0 0.411806 0.735938 0.037500 0.012500
0 0.243056 0.854688 0.341667 0.290625
0 0.345833 0.708984 0.025000 0.021094
0 0.304861 0.703516 0.031944 0.016406
0 0.352778 0.684766 0.036111 0.017969
0 0.871528 0.660156 0.037500 0.023438
0 0.849306 0.625781 0.026389 0.031250
0 0.868056 0.617969 0.044444 0.034375
0 0.933333 0.626172 0.133333 0.088281
0 0.854167 0.573438 0.052778 0.025000
0 0.778472 0.444922 0.073611 0.027344
0 0.272917 0.435547 0.068056 0.032031
0 0.784722 0.428906 0.058333 0.039062
0 0.625694 0.402734 0.040278 0.024219
0 0.625694 0.394141 0.034722 0.011719
0 0.100000 0.391797 0.022222 0.017969
0 0.344444 0.389453 0.025000 0.016406
0 0.549306 0.401172 0.040278 0.046094
0 0.535417 0.377734 0.037500 0.033594
0 0.653472 0.307812 0.034722 0.012500
0 0.500000 0.258594 1.000000 0.517188
