0 0.905556 0.989062 0.033333 0.009375
0 0.275000 0.958594 0.022222 0.014063
0 0.783333 0.933594 0.033333 0.007812
0 0.916667 0.901563 0.022222 0.028125
0 0.830556 0.891406 0.033333 0.017188
0 0.970833 0.853125 0.058333 0.046875
0 0.988889 0.783594 0.022222 0.007812
0 0.943056 0.769531 0.019444 0.014063
0 0.900000 0.763281 0.016667 0.017188
0 0.351389 0.758594 0.025000 0.007812
0 0.543056 0.750000 0.019444 0.015625
0 0.916667 0.742188 0.033333 0.018750
0 0.831944 0.715625 0.058333 0.015625
0 0.909722 0.700781 0.041667 0.023438
0 0.766667 0.695312 0.016667 0.015625
0 0.816667 0.685937 0.027778 0.009375
0 0.976389 0.681250 0.047222 0.037500
0 0.765278 0.662500 0.052778 0.028125
0 0.648611 0.653906 0.019444 0.020313
0 0.847222 0.649219 0.033333 0.020313
0 0.945833 0.650781 0.108333 0.042188
0 0.795833 0.621875 0.030556 0.021875
0 0.831944 0.610938 0.030556 0.021875
0 0.991667 0.593750 0.016667 0.015625
0 0.958333 0.593750 0.022222 0.015625
0 0.637500 0.596875 0.030556 0.028125
0 0.591667 0.601562 0.083333 0.040625
0 0.279167 0.585156 0.025000 0.010937
0 0.509722 0.575781 0.019444 0.014063
0 0.250000 0.557813 0.038889 0.015625
0 0.529167 0.556250 0.019444 0.018750
0 0.427778 0.542969 0.033333 0.020313
0 0.388889 0.508594 0.038889 0.032813
0 0.463889 0.500000 0.066667 0.043750
0 0.527778 0.484375 0.033333 0.021875
0 0.377778 0.460156 0.022222 0.010937
0 0.483333 0.457031 0.033333 0.023438
0 0.629167 0.440625 0.025000 0.025000
0 0.479167 0.433594 0.019444 0.014063
0 0.401389 0.435156 0.080556 0.035937
0 0.398611 0.416406 0.019444 0.014063
0 0.509722 0.415625 0.113889 0.043750
0 0.497222 0.382812 0.027778 0.012500
0 0.383333 0.382812 0.055556 0.028125
0 0.281944 0.370312 0.025000 0.015625
0 0.218056 0.375000 0.052778 0.028125
0 0.377778 0.357812 0.022222 0.009375
0 0.259722 0.358594 0.025000 0.023438
0 0.337500 0.342969 0.025000 0.020313
0 0.369444 0.327344 0.027778 0.010937
0 0.154167 0.319531 0.019444 0.014063
0 0.063889 0.300781 0.022222 0.020313
0 0.263889 0.283594 0.050000 0.057813
0 0.061111 0.239063 0.038889 0.012500
0 0.170833 0.242188 0.075000 0.062500
0 0.019444 0.151562 0.038889 0.028125
0 0.016667 0.099219 0.033333 0.020313
0 0.012500 0.077344 0.025000 0.014063
0 0.662500 0.014063 0.097222 0.028125
0 0.504167 0.310937 0.991667 0.621875
0 0.047222 0.028906 0.094444 0.057813
