0 0.811111 0.468750 0.022222 0.012500
0 0.838889 0.425781 0.033333 0.017188
0 0.119444 0.363281 0.022222 0.014063
0 0.438889 0.349219 0.016667 0.010937
0 0.362500 0.303906 0.030556 0.032813
0 0.163889 0.292969 0.044444 0.020313
0 0.109722 0.259375 0.019444 0.009375
0 0.020833 0.249219 0.041667 0.026562
0 0.902778 0.220312 0.022222 0.012500
0 0.663889 0.210938 0.016667 0.012500
0 0.726389 0.169531 0.058333 0.026562
0 0.722222 0.144531 0.022222 0.010937
0 0.587500 0.067969 0.025000 0.014063
0 0.500000 0.500000 1.000000 1.000000
