0 0.970833 0.828906 0.036111 0.017188
0 0.905556 0.817187 0.022222 0.015625
0 0.923611 0.796094 0.025000 0.020313
0 0.818056 0.781250 0.030556 0.015625
0 0.770833 0.749219 0.019444 0.029687
0 0.845833 0.741406 0.063889 0.048438
0 0.913889 0.720313 0.033333 0.018750
0 0.862500 0.695312 0.030556 0.021875
0 0.852778 0.671094 0.022222 0.010937
0 0.772222 0.667188 0.077778 0.034375
0 0.904167 0.659375 0.058333 0.034375
0 0.965278 0.643750 0.030556 0.009375
0 0.847222 0.642969 0.044444 0.017188
0 0.744444 0.624219 0.061111 0.020313
0 0.583333 0.621875 0.038889 0.018750
0 0.834722 0.618750 0.019444 0.015625
0 0.640278 0.610156 0.019444 0.014063
0 0.620833 0.601562 0.025000 0.018750
0 0.901389 0.604688 0.197222 0.059375
0 0.695833 0.582812 0.019444 0.021875
0 0.725000 0.569531 0.027778 0.010937
0 0.505556 0.565625 0.016667 0.012500
0 0.656944 0.549219 0.047222 0.032813
0 0.612500 0.529687 0.047222 0.053125
0 0.762500 0.553125 0.186111 0.106250
0 0.645833 0.495312 0.013889 0.012500
0 0.326389 0.495312 0.019444 0.015625
0 0.509722 0.494531 0.069444 0.051562
0 0.275000 0.468750 0.022222 0.018750
0 0.318056 0.411719 0.063889 0.029687
0 0.419444 0.402344 0.038889 0.023438
0 0.294444 0.391406 0.016667 0.014063
0 0.270833 0.360938 0.025000 0.015625
0 0.013889 0.356250 0.027778 0.012500
0 0.318056 0.347656 0.063889 0.035937
0 0.416667 0.343750 0.105556 0.040625
0 0.112500 0.319531 0.030556 0.017188
0 0.470833 0.314844 0.025000 0.020313
0 0.218056 0.321094 0.125000 0.067187
0 0.091667 0.257812 0.038889 0.012500
0 0.872222 0.264844 0.050000 0.035937
0 0.012500 0.246094 0.025000 0.017188
0 0.462500 0.224219 0.102778 0.045312
0 0.675000 0.196875 0.022222 0.009375
0 0.088889 0.213281 0.083333 0.048438
0 0.086111 0.192969 0.022222 0.010937
0 0.602778 0.203125 0.038889 0.050000
0 0.919444 0.210156 0.083333 0.073438
0 0.797222 0.192969 0.094444 0.045312
0 0.161111 0.171875 0.077778 0.034375
0 0.102778 0.157812 0.027778 0.015625
0 0.715278 0.150000 0.025000 0.021875
0 0.034722 0.136719 0.019444 0.023438
0 0.479167 0.121094 0.019444 0.014063
0 0.009722 0.113281 0.019444 0.023438
0 0.790278 0.119531 0.102778 0.048438
0 0.152778 0.071094 0.022222 0.014063
0 0.743056 0.065625 0.019444 0.015625
0 0.141667 0.056250 0.027778 0.006250
0 0.048611 0.062500 0.025000 0.018750
0 0.109722 0.024219 0.013889 0.017188
0 0.562500 0.288281 0.875000 0.576562
