0 0.986111 0.957031 0.027778 0.010937
0 0.550000 0.915625 0.052778 0.028125
0 0.305556 0.945312 0.194444 0.109375
0 0.915278 0.882031 0.025000 0.014063
0 0.368750 0.876563 0.020833 0.012500
0 0.463889 0.894922 0.088889 0.053906
0 0.959722 0.870313 0.025000 0.012500
0 0.827778 0.876563 0.055556 0.046875
0 0.938889 0.848437 0.055556 0.018750
0 0.478472 0.841016 0.056944 0.035156
0 0.562500 0.822266 0.019444 0.013281
0 0.744444 0.806250 0.022222 0.012500
0 0.718056 0.797656 0.019444 0.010937
0 0.820833 0.801953 0.108333 0.103906
0 0.198611 0.812500 0.130556 0.134375
0 0.498611 0.746484 0.019444 0.019531
0 0.691667 0.742188 0.022222 0.021875
0 0.809722 0.726562 0.019444 0.012500
0 0.498611 0.725391 0.025000 0.014844
0 0.685417 0.709375 0.026389 0.012500
0 0.351389 0.745313 0.086111 0.087500
0 0.480556 0.705078 0.055556 0.022656
0 0.738194 0.692187 0.018056 0.012500
0 0.256944 0.686719 0.041667 0.017188
0 0.445833 0.684375 0.080556 0.025000
0 0.695833 0.668750 0.019444 0.012500
0 0.352083 0.650781 0.045833 0.023438
0 0.334722 0.572656 0.025000 0.014063
0 0.262500 0.585938 0.119444 0.046875
0 0.093750 0.632812 0.168056 0.168750
0 0.100000 0.545312 0.016667 0.009375
0 0.402778 0.539062 0.072222 0.043750
0 0.611111 0.507031 0.033333 0.017188
0 0.130556 0.478125 0.111111 0.075000
0 0.594444 0.445312 0.022222 0.015625
0 0.828472 0.437891 0.054167 0.016406
0 0.631250 0.417187 0.029167 0.012500
0 0.922222 0.409375 0.019444 0.012500
0 0.593056 0.396875 0.030556 0.009375
0 0.090278 0.399609 0.013889 0.014844
0 0.915278 0.367188 0.030556 0.018750
0 0.138889 0.359375 0.022222 0.012500
0 0.070833 0.352344 0.025000 0.010937
0 0.051389 0.399219 0.102778 0.107813
0 0.586111 0.421875 0.222222 0.178125
0 0.312500 0.376953 0.230556 0.113281
0 0.302778 0.307031 0.022222 0.010937
0 0.797917 0.239063 0.031944 0.012500
0 0.831944 0.213281 0.036111 0.020313
0 0.577778 0.200000 0.083333 0.050000
0 0.830556 0.176563 0.022222 0.021875
0 0.436111 0.233594 0.372222 0.179688
0 0.497222 0.133594 0.022222 0.014063
0 0.588889 0.131250 0.022222 0.012500
0 0.415278 0.132031 0.030556 0.014063
0 0.469444 0.124219 0.022222 0.010937
0 0.535417 0.114453 0.051389 0.036719
0 0.552778 0.078906 0.027778 0.014063
0 0.079167 0.062500 0.058333 0.034375
0 0.465972 0.066016 0.168056 0.096094
0 0.016667 0.025000 0.033333 0.050000
