0 0.963889 0.992188 0.022222 0.015625
0 0.886806 0.962891 0.026389 0.024219
0 0.985417 0.914844 0.029167 0.014063
0 0.877778 0.869531 0.044444 0.020313
0 0.102778 0.869141 0.050000 0.028906
0 0.716667 0.844141 0.044444 0.028906
0 0.369444 0.833203 0.025000 0.017969
0 0.038889 0.847266 0.077778 0.058594
0 0.713889 0.826562 0.033333 0.018750
0 0.945833 0.806250 0.025000 0.012500
0 0.706944 0.803125 0.047222 0.028125
0 0.051389 0.806641 0.075000 0.039844
0 0.691667 0.776953 0.033333 0.019531
0 0.396528 0.770312 0.031944 0.018750
0 0.965972 0.721094 0.043056 0.017188
0 0.890278 0.723437 0.036111 0.028125
0 0.955556 0.701953 0.033333 0.017969
0 0.072917 0.699219 0.034722 0.029687
0 0.911806 0.671094 0.029167 0.020313
0 0.981944 0.666797 0.036111 0.021094
0 0.086111 0.670703 0.061111 0.032031
0 0.034722 0.659375 0.063889 0.021875
0 0.313889 0.653125 0.038889 0.018750
0 0.904167 0.627344 0.044444 0.032813
0 0.856944 0.596094 0.038889 0.026562
0 0.974306 0.545312 0.051389 0.021875
0 0.924306 0.541016 0.048611 0.022656
0 0.031944 0.517969 0.063889 0.042188
0 0.941667 0.484766 0.027778 0.024219
0 0.209722 0.478906 0.025000 0.023438
0 0.161111 0.431250 0.088889 0.031250
0 0.275694 0.462891 0.115278 0.105469
0 0.229861 0.383594 0.029167 0.015625
0 0.031944 0.353125 0.063889 0.112500
0 0.981250 0.260156 0.037500 0.010937
0 0.275000 0.253125 0.022222 0.012500
0 0.887500 0.243750 0.130556 0.128125
0 0.230556 0.171094 0.025000 0.021875
0 0.223611 0.144922 0.019444 0.021094
0 0.148611 0.267578 0.297222 0.297656
0 0.179861 0.126953 0.051389 0.028906
0 0.261111 0.096094 0.058333 0.035937
0 0.140972 0.043359 0.043056 0.022656
0 0.190972 0.048828 0.087500 0.042969
0 0.960417 0.028906 0.076389 0.026562
0 0.982639 0.006641 0.026389 0.013281
0 0.866667 0.043750 0.127778 0.087500
