0 0.973611 0.809375 0.025000 0.009375
0 0.858333 0.632031 0.027778 0.014063
0 0.658333 0.622656 0.016667 0.014063
0 0.534722 0.610938 0.019444 0.025000
0 0.059722 0.596875 0.025000 0.012500
0 0.780556 0.594531 0.016667 0.010937
0 0.711111 0.590625 0.027778 0.012500
0 0.988889 0.569531 0.022222 0.017188
0 0.827778 0.564063 0.022222 0.012500
0 0.859722 0.559375 0.025000 0.012500
0 0.972222 0.547656 0.055556 0.023438
0 0.470833 0.545312 0.013889 0.018750
0 0.391667 0.533594 0.038889 0.017188
0 0.690278 0.532031 0.047222 0.023438
0 0.947222 0.515625 0.033333 0.012500
0 0.825000 0.515625 0.066667 0.028125
0 0.890278 0.531250 0.063889 0.062500
0 0.609722 0.507031 0.019444 0.017188
0 0.651389 0.489844 0.052778 0.017188
0 0.858333 0.483594 0.055556 0.010937
0 0.573611 0.483594 0.025000 0.017188
0 0.605556 0.473438 0.022222 0.009375
0 0.891667 0.461719 0.033333 0.010937
0 0.766667 0.467969 0.055556 0.026562
0 0.956944 0.473438 0.086111 0.046875
0 0.670833 0.432031 0.069444 0.048438
0 0.047222 0.367188 0.033333 0.009375
0 0.484722 0.368750 0.036111 0.018750
0 0.975000 0.356250 0.050000 0.012500
0 0.511111 0.346094 0.105556 0.023438
0 0.713889 0.338281 0.022222 0.010937
0 0.601389 0.312500 0.013889 0.012500
0 0.501389 0.310156 0.025000 0.017188
0 0.738889 0.322656 0.072222 0.045312
0 0.501389 0.292187 0.025000 0.018750
0 0.133333 0.286719 0.033333 0.017188
0 0.570833 0.282031 0.036111 0.014063
0 0.613889 0.282031 0.027778 0.020313
0 0.437500 0.256250 0.019444 0.015625
0 0.780556 0.342969 0.438889 0.204687
0 0.469444 0.239063 0.033333 0.009375
0 0.525000 0.247656 0.055556 0.039062
0 0.133333 0.228125 0.038889 0.021875
0 0.652778 0.281250 0.177778 0.131250
0 0.177778 0.194531 0.027778 0.010937
0 0.081944 0.185156 0.130556 0.051562
0 0.051389 0.149219 0.019444 0.014063
0 0.484722 0.135937 0.025000 0.012500
0 0.600000 0.180469 0.233333 0.107813
0 0.394444 0.165625 0.133333 0.084375
0 0.291667 0.126562 0.027778 0.012500
0 0.062500 0.128125 0.025000 0.015625
0 0.576389 0.106250 0.019444 0.009375
0 0.483333 0.100781 0.022222 0.014063
0 0.231944 0.120313 0.075000 0.059375
0 0.529167 0.092969 0.025000 0.010937
0 0.036111 0.035156 0.072222 0.029687
0 0.256944 0.014844 0.013889 0.014063
0 0.368056 0.046875 0.213889 0.093750
