0 0.954167 0.990625 0.033333 0.018750
0 0.431944 0.967187 0.019444 0.012500
0 0.479167 0.913281 0.030556 0.039062
0 0.176389 0.875781 0.041667 0.017188
0 0.897222 0.858984 0.030556 0.008594
0 0.290278 0.916016 0.302778 0.167969
0 0.287500 0.814844 0.036111 0.023438
0 0.230556 0.778906 0.027778 0.014063
0 0.365972 0.782031 0.065278 0.042188
0 0.967361 0.714844 0.065278 0.014063
0 0.915278 0.710156 0.036111 0.020313
0 0.116667 0.773828 0.172222 0.186719
0 0.923611 0.651563 0.052778 0.021875
0 0.105556 0.653516 0.161111 0.057031
0 0.338194 0.595313 0.045833 0.028125
0 0.086111 0.609375 0.172222 0.078125
0 0.954167 0.564063 0.036111 0.009375
0 0.161111 0.550781 0.022222 0.014063
0 0.258333 0.571484 0.100000 0.057031
0 0.034722 0.550000 0.025000 0.015625
0 0.649306 0.546484 0.043056 0.014844
0 0.627083 0.556641 0.043056 0.038281
0 0.983333 0.532813 0.033333 0.012500
0 0.269444 0.514844 0.050000 0.031250
0 0.568056 0.498437 0.030556 0.015625
0 0.026389 0.489063 0.052778 0.068750
0 0.972222 0.453125 0.033333 0.012500
0 0.112500 0.450781 0.030556 0.014063
0 0.911111 0.431250 0.027778 0.014063
0 0.416667 0.408594 0.016667 0.014063
0 0.288889 0.391797 0.033333 0.013281
0 0.138889 0.407422 0.105556 0.074219
0 0.276389 0.353516 0.025000 0.013281
0 0.045833 0.353125 0.041667 0.012500
0 0.223611 0.357031 0.052778 0.021875
0 0.141667 0.321094 0.044444 0.023438
0 0.083333 0.260937 0.050000 0.031250
0 0.122222 0.236719 0.022222 0.010937
0 0.033333 0.242969 0.066667 0.042188
0 0.197222 0.200391 0.083333 0.050781
0 0.442361 0.175781 0.034722 0.014063
0 0.594444 0.158594 0.016667 0.017188
0 0.068056 0.150000 0.041667 0.025000
0 0.519444 0.114844 0.022222 0.010937
0 0.255556 0.114453 0.022222 0.014844
0 0.632639 0.113281 0.045833 0.017188
0 0.177778 0.075391 0.038889 0.017969
0 0.255556 0.060937 0.016667 0.012500
0 0.390278 0.091406 0.252778 0.182812
0 0.104167 0.042188 0.208333 0.084375
