0 0.816667 0.991797 0.055556 0.016406
0 0.761806 0.990625 0.029167 0.018750
0 0.295833 0.989844 0.019444 0.020313
0 0.666667 0.982812 0.033333 0.034375
0 0.391667 0.971484 0.016667 0.017969
0 0.708333 0.978125 0.027778 0.043750
0 0.679167 0.937891 0.019444 0.022656
0 0.560417 0.950000 0.062500 0.100000
0 0.482639 0.942187 0.148611 0.115625
0 0.711111 0.910937 0.055556 0.059375
0 0.494444 0.853125 0.022222 0.012500
0 0.785417 0.823047 0.029167 0.013281
0 0.184722 0.903906 0.169444 0.192188
0 0.546528 0.822266 0.120833 0.041406
0 0.195833 0.809766 0.025000 0.019531
0 0.100000 0.803125 0.022222 0.012500
0 0.093056 0.774219 0.030556 0.017188
0 0.480556 0.769531 0.025000 0.010937
0 0.790972 0.770312 0.020833 0.028125
0 0.751389 0.767188 0.036111 0.046875
0 0.118056 0.756250 0.119444 0.096875
0 0.642361 0.792969 0.281944 0.173437
0 0.073611 0.683984 0.025000 0.019531
0 0.309722 0.525000 0.036111 0.015625
0 0.009722 0.352344 0.019444 0.017188
0 0.155556 0.498437 0.311111 0.382812
0 0.652778 0.303125 0.022222 0.012500
0 0.634722 0.286328 0.030556 0.016406
0 0.011111 0.285938 0.022222 0.043750
0 0.225694 0.257031 0.031944 0.017188
0 0.572917 0.258984 0.043056 0.038281
0 0.652083 0.243359 0.026389 0.011719
0 0.188194 0.218359 0.112500 0.071094
0 0.932639 0.182422 0.018056 0.021094
0 0.905556 0.181641 0.033333 0.019531
0 0.864583 0.176953 0.037500 0.017969
0 0.019444 0.201563 0.038889 0.068750
0 0.965278 0.174609 0.069444 0.066406
0 0.987500 0.123828 0.025000 0.025781
0 0.986806 0.068359 0.026389 0.011719
0 0.984028 0.022266 0.031944 0.024219
0 0.485417 0.164844 0.970833 0.329688
