0 0.329167 0.990234 0.036111 0.019531
0 0.681944 0.985547 0.013889 0.019531
0 0.637500 0.979688 0.025000 0.015625
0 0.309722 0.984766 0.030556 0.030469
0 0.189583 0.950000 0.068056 0.037500
0 0.988889 0.939063 0.022222 0.043750
0 0.177778 0.883984 0.022222 0.017969
0 0.225000 0.900781 0.083333 0.060937
0 0.985417 0.875391 0.018056 0.011719
0 0.218750 0.862109 0.020833 0.016406
0 0.179861 0.858203 0.026389 0.024219
0 0.157639 0.778516 0.037500 0.024219
0 0.093056 0.880469 0.186111 0.239063
0 0.015972 0.746875 0.031944 0.015625
0 0.947917 0.762109 0.104167 0.175781
0 0.976389 0.673828 0.025000 0.016406
0 0.059722 0.675781 0.058333 0.042188
0 0.875694 0.662500 0.026389 0.040625
0 0.972222 0.621875 0.033333 0.020313
0 0.582639 0.597656 0.126389 0.023438
0 0.844444 0.558984 0.027778 0.011719
0 0.619444 0.560156 0.022222 0.017188
0 0.882639 0.566797 0.054167 0.033594
0 0.984722 0.555469 0.030556 0.025000
0 0.962500 0.540234 0.041667 0.017969
0 0.554167 0.543750 0.033333 0.025000
0 0.940278 0.514844 0.047222 0.051562
0 0.036111 0.501563 0.050000 0.037500
0 0.319444 0.473438 0.050000 0.028125
0 0.652083 0.442578 0.104167 0.035156
0 0.646528 0.432031 0.029167 0.017188
0 0.077778 0.430469 0.036111 0.023438
0 0.012500 0.425000 0.025000 0.012500
0 0.306944 0.415625 0.030556 0.014063
0 0.354167 0.429688 0.025000 0.048438
0 0.268056 0.407422 0.036111 0.027344
0 0.320833 0.407422 0.080556 0.049219
0 0.886111 0.397266 0.033333 0.032031
0 0.972917 0.404687 0.054167 0.067187
0 0.338889 0.375000 0.036111 0.023438
0 0.359028 0.362891 0.034722 0.017969
0 0.333333 0.355469 0.033333 0.014063
0 0.913194 0.340234 0.031944 0.021094
0 0.157639 0.335547 0.026389 0.017969
0 0.984028 0.344531 0.031944 0.046875
0 0.209028 0.316797 0.037500 0.019531
0 0.011111 0.301563 0.022222 0.012500
0 0.200694 0.297656 0.031944 0.020313
0 0.168056 0.290625 0.052778 0.026562
0 0.907639 0.292187 0.054167 0.042188
0 0.228472 0.286719 0.076389 0.035937
0 0.854167 0.237891 0.097222 0.064844
0 0.784722 0.223438 0.052778 0.042188
0 0.983333 0.194531 0.033333 0.032813
0 0.916667 0.183594 0.061111 0.026562
0 0.832639 0.176172 0.020833 0.021094
0 0.952083 0.125781 0.051389 0.029687
0 0.321528 0.067969 0.034722 0.020313
0 0.365972 0.032031 0.048611 0.051562
0 0.513889 0.008203 0.047222 0.016406
0 0.458333 0.009766 0.027778 0.019531
0 0.169444 0.046094 0.188889 0.092188
0 0.079167 0.008594 0.019444 0.017188
0 0.029167 0.007812 0.058333 0.015625
