0 0.988194 0.993750 0.023611 0.012500
0 0.009722 0.977344 0.019444 0.045312
0 0.061111 0.910937 0.055556 0.034375
0 0.931250 0.937500 0.137500 0.125000
0 0.568056 0.814844 0.041667 0.017188
0 0.734722 0.791406 0.019444 0.010937
0 0.540972 0.765625 0.026389 0.015625
0 0.863194 0.766406 0.076389 0.045312
0 0.952778 0.747656 0.027778 0.020313
0 0.049306 0.748828 0.034722 0.025781
0 0.011111 0.717578 0.022222 0.025781
0 0.918750 0.721094 0.029167 0.039062
0 0.009028 0.676562 0.018056 0.031250
0 0.858333 0.619922 0.038889 0.024219
0 0.936806 0.624219 0.040278 0.051562
0 0.886111 0.571094 0.027778 0.020313
0 0.953472 0.565234 0.043056 0.021094
0 0.892361 0.527734 0.068056 0.030469
0 0.830556 0.492188 0.027778 0.021875
0 0.756250 0.471094 0.043056 0.017188
0 0.977778 0.446484 0.044444 0.030469
0 0.894444 0.435547 0.066667 0.028906
0 0.923611 0.382031 0.041667 0.035937
0 0.202778 0.326953 0.144444 0.091406
0 0.015972 0.275781 0.020833 0.020313
0 0.164583 0.249219 0.020833 0.017188
0 0.965278 0.246094 0.019444 0.018750
0 0.954167 0.131250 0.030556 0.018750
0 0.433333 0.094922 0.033333 0.024219
0 0.868750 0.117188 0.148611 0.140625
0 0.119444 0.157031 0.238889 0.314063
