0 0.715278 0.985156 0.019444 0.029687
0 0.941667 0.975000 0.022222 0.015625
0 0.984722 0.970313 0.030556 0.012500
0 0.543056 0.967578 0.058333 0.047656
0 0.625694 0.950000 0.015278 0.018750
0 0.693056 0.948438 0.041667 0.053125
0 0.881944 0.939063 0.125000 0.121875
0 0.273611 0.933594 0.125000 0.132812
0 0.565278 0.875781 0.030556 0.035937
0 0.754167 0.861328 0.058333 0.047656
0 0.426389 0.872656 0.113889 0.082812
0 0.555556 0.833984 0.066667 0.032031
0 0.333333 0.814844 0.022222 0.014063
0 0.797222 0.814844 0.061111 0.023438
0 0.516667 0.814063 0.094444 0.021875
0 0.755556 0.796094 0.016667 0.010937
0 0.423611 0.782031 0.041667 0.026562
0 0.395833 0.703125 0.019444 0.012500
0 0.331944 0.713281 0.119444 0.051562
0 0.169444 0.764062 0.155556 0.168750
0 0.175000 0.671875 0.016667 0.012500
0 0.475694 0.666406 0.081944 0.039062
0 0.347222 0.616406 0.022222 0.010937
0 0.204167 0.610938 0.119444 0.071875
0 0.904167 0.578516 0.041667 0.042969
0 0.706944 0.547656 0.019444 0.010937
0 0.166667 0.529687 0.022222 0.015625
0 0.668056 0.527344 0.047222 0.014063
0 0.884028 0.506641 0.023611 0.024219
0 0.290278 0.489453 0.030556 0.014844
0 0.642361 0.560156 0.284722 0.201563
0 0.409722 0.510938 0.208333 0.118750
0 0.086111 0.523438 0.172222 0.203125
0 0.065278 0.397656 0.058333 0.020313
0 0.905556 0.350000 0.027778 0.021875
0 0.016667 0.371875 0.033333 0.087500
0 0.904167 0.314844 0.030556 0.017188
0 0.488889 0.293750 0.027778 0.015625
0 0.513889 0.370312 0.361111 0.171875
0 0.573611 0.265625 0.019444 0.012500
0 0.027778 0.234375 0.055556 0.053125
0 0.172222 0.200781 0.055556 0.032813
0 0.558333 0.212500 0.166667 0.109375
0 0.075000 0.121094 0.150000 0.151562
