0 0.842187 0.972222 0.053125 0.055556
0 0.014063 0.969444 0.028125 0.061111
0 0.479297 0.951389 0.038281 0.052778
0 0.936719 0.937500 0.048438 0.080556
0 0.076563 0.945833 0.100000 0.108333
0 0.864844 0.874306 0.032813 0.051389
0 0.449219 0.852778 0.026562 0.050000
0 0.425781 0.808333 0.023438 0.044444
0 0.462500 0.680556 0.075000 0.105556
0 0.873047 0.552083 0.032031 0.023611
0 0.817969 0.450000 0.010937 0.027778
0 0.924219 0.366667 0.045312 0.066667
0 0.804688 0.355556 0.037500 0.072222
0 0.801562 0.280556 0.026562 0.041667
0 0.832422 0.195139 0.069531 0.101389
0 0.917188 0.091667 0.062500 0.138889
0 0.899219 0.029167 0.010937 0.058333
0 0.455859 0.020139 0.019531 0.040278
0 0.437500 0.500000 0.875000 1.000000
1 0.220372 0.394514 0.174559 0.139317
1 0.681820 0.411502 0.150596 0.107844
