0 0.629861 0.934375 0.020833 0.012500
0 0.365278 0.937109 0.030556 0.017969
0 0.411111 0.843359 0.016667 0.022656
0 0.484028 0.837500 0.018056 0.012500
0 0.445833 0.836328 0.036111 0.013281
0 0.420833 0.800000 0.027778 0.012500
0 0.790278 0.801172 0.025000 0.021094
0 0.453472 0.791406 0.048611 0.021875
0 0.375694 0.791406 0.051389 0.031250
0 0.718750 0.779297 0.070833 0.021094
0 0.678472 0.774609 0.045833 0.013281
0 0.415972 0.772656 0.048611 0.034375
0 0.578472 0.757422 0.045833 0.014844
0 0.512500 0.787109 0.066667 0.074219
0 0.965278 0.758594 0.069444 0.026562
0 0.695833 0.748047 0.019444 0.017969
0 0.656250 0.747266 0.034722 0.019531
0 0.893056 0.749219 0.063889 0.026562
0 0.140972 0.688672 0.023611 0.019531
0 0.263889 0.685547 0.041667 0.016406
0 0.954167 0.688672 0.091667 0.077344
0 0.930556 0.665234 0.050000 0.030469
0 0.418056 0.634375 0.030556 0.012500
0 0.250000 0.618750 0.044444 0.039062
0 0.272917 0.615625 0.029167 0.035937
0 0.216667 0.599609 0.030556 0.019531
0 0.143056 0.607422 0.030556 0.036719
0 0.747222 0.600781 0.044444 0.026562
0 0.244444 0.594922 0.022222 0.024219
0 0.423611 0.588672 0.025000 0.025781
0 0.362500 0.587109 0.069444 0.024219
0 0.709722 0.550391 0.019444 0.033594
0 0.582639 0.532813 0.026389 0.015625
0 0.212500 0.551562 0.072222 0.053125
0 0.417361 0.537500 0.218056 0.065625
0 0.376389 0.473438 0.080556 0.034375
0 0.860417 0.454688 0.045833 0.015625
0 0.222222 0.486719 0.116667 0.089063
0 0.115972 0.453906 0.031944 0.023438
0 0.086806 0.509766 0.173611 0.164844
0 0.022222 0.422266 0.019444 0.011719
0 0.829167 0.421484 0.036111 0.021094
0 0.429167 0.409375 0.030556 0.012500
0 0.359722 0.405078 0.019444 0.014844
0 0.339583 0.397266 0.023611 0.013281
0 0.737500 0.328125 0.036111 0.009375
0 0.806944 0.364063 0.125000 0.096875
0 0.546528 0.014844 0.062500 0.029687
0 0.500000 0.277344 1.000000 0.554688
1 0.245275 0.338683 0.135979 0.115445
1 0.355967 0.569989 0.183320 0.183849
