0 0.636111 0.912500 0.033333 0.025000
0 0.622222 0.860156 0.061111 0.045312
0 0.661806 0.814453 0.020833 0.014844
0 0.938889 0.798047 0.047222 0.017969
0 0.571528 0.754687 0.023611 0.015625
0 0.528472 0.725391 0.026389 0.028906
0 0.500000 0.720313 0.027778 0.028125
0 0.487500 0.675781 0.036111 0.010937
0 0.020833 0.677344 0.041667 0.018750
0 0.293056 0.828125 0.586111 0.343750
0 0.236806 0.654297 0.065278 0.019531
0 0.185417 0.661719 0.062500 0.045312
0 0.111806 0.666016 0.101389 0.060156
0 0.555556 0.637891 0.072222 0.052344
0 0.552083 0.592969 0.034722 0.017188
0 0.507639 0.595313 0.070833 0.032813
0 0.694444 0.589453 0.027778 0.027344
0 0.425000 0.574219 0.019444 0.014063
0 0.353472 0.571875 0.029167 0.018750
0 0.807639 0.562891 0.040278 0.019531
0 0.926389 0.568359 0.047222 0.049219
0 0.609722 0.542188 0.108333 0.056250
0 0.072222 0.544531 0.144444 0.126562
0 0.942361 0.485938 0.020833 0.018750
0 0.890278 0.483594 0.013889 0.018750
0 0.701389 0.490625 0.027778 0.032813
0 0.186111 0.471875 0.086111 0.015625
0 0.682639 0.453906 0.034722 0.023438
0 0.240278 0.449609 0.030556 0.027344
0 0.788194 0.441797 0.026389 0.019531
0 0.936111 0.445703 0.019444 0.028906
0 0.165972 0.427344 0.029167 0.017188
0 0.752083 0.432422 0.040278 0.032031
0 0.925000 0.424609 0.044444 0.022656
0 0.842361 0.443750 0.131944 0.100000
0 0.731250 0.392188 0.026389 0.021875
0 0.131944 0.374219 0.036111 0.020313
0 0.248611 0.367969 0.025000 0.010937
0 0.955556 0.384766 0.088889 0.049219
0 0.814583 0.361719 0.145833 0.068750
0 0.870139 0.336328 0.045833 0.044531
0 0.744444 0.134375 0.022222 0.006250
0 0.646528 0.028125 0.018056 0.015625
0 0.719444 0.020313 0.116667 0.040625
0 0.500000 0.296875 1.000000 0.593750
0 0.056944 0.007031 0.052778 0.014063
1 0.297438 0.537917 0.277920 0.237930
1 0.460694 0.217819 0.175268 0.297576
