0 0.034028 0.984766 0.068056 0.030469
0 0.468056 0.892188 0.030556 0.012500
0 0.087500 0.942969 0.175000 0.114062
0 0.034722 0.862500 0.027778 0.017188
0 0.615278 0.854688 0.025000 0.012500
0 0.050000 0.760938 0.038889 0.021875
0 0.529167 0.729688 0.041667 0.018750
0 0.031944 0.728906 0.036111 0.023438
0 0.127778 0.689453 0.061111 0.024219
0 0.159028 0.671875 0.020833 0.015625
0 0.093056 0.659375 0.025000 0.012500
0 0.160417 0.656250 0.034722 0.012500
0 0.820833 0.648047 0.025000 0.013281
0 0.020833 0.661719 0.041667 0.054688
0 0.247222 0.644531 0.066667 0.032813
0 0.386111 0.635547 0.055556 0.030469
0 0.136111 0.624609 0.022222 0.016406
0 0.865972 0.583203 0.048611 0.010156
0 0.295139 0.546875 0.031944 0.015625
0 0.363194 0.549609 0.026389 0.030469
0 0.834722 0.519141 0.044444 0.013281
0 0.183333 0.520312 0.033333 0.015625
0 0.873611 0.510156 0.036111 0.010937
0 0.898611 0.503125 0.036111 0.012500
0 0.785417 0.494922 0.031944 0.011719
0 0.306944 0.486719 0.041667 0.007812
0 0.575694 0.505078 0.143056 0.049219
0 0.343750 0.505859 0.059722 0.053906
0 0.129861 0.479687 0.070833 0.025000
0 0.070139 0.508203 0.140278 0.116406
0 0.365278 0.462109 0.113889 0.057031
0 0.394444 0.425391 0.066667 0.016406
0 0.523611 0.437891 0.097222 0.050781
0 0.227778 0.477344 0.172222 0.151562
0 0.979167 0.410156 0.041667 0.020313
0 0.272917 0.396094 0.034722 0.020313
0 0.175000 0.378125 0.033333 0.015625
0 0.315972 0.369922 0.081944 0.039844
0 0.354167 0.337109 0.041667 0.021094
0 0.016667 0.141406 0.033333 0.017188
0 0.075000 0.103125 0.111111 0.018750
0 0.500000 0.246484 1.000000 0.492969
1 0.307665 0.503776 0.103680 0.213626
1 0.539086 0.762952 0.254945 0.112702
