0 0.804167 0.953125 0.030556 0.015625
0 0.959722 0.930469 0.036111 0.014063
0 0.979167 0.767969 0.041667 0.017188
0 0.975000 0.679297 0.050000 0.019531
0 0.934722 0.642188 0.025000 0.018750
0 0.839583 0.629687 0.048611 0.025000
0 0.936111 0.603516 0.038889 0.014844
0 0.323611 0.601562 0.069444 0.025000
0 0.888194 0.587109 0.040278 0.008594
0 0.782639 0.582031 0.026389 0.014063
0 0.838889 0.580859 0.027778 0.013281
0 0.459722 0.566016 0.058333 0.016406
0 0.618056 0.560547 0.030556 0.014844
0 0.572222 0.557422 0.027778 0.014844
0 0.190278 0.540625 0.030556 0.009375
0 0.570139 0.533594 0.023611 0.021875
0 0.481250 0.464844 0.023611 0.010937
0 0.500000 0.728125 1.000000 0.543750
0 0.966667 0.455469 0.066667 0.010937
0 0.548611 0.469141 0.052778 0.039844
0 0.802778 0.449219 0.038889 0.010937
0 0.026389 0.424219 0.052778 0.051562
0 0.979167 0.392969 0.041667 0.035937
0 0.968056 0.136719 0.063889 0.051562
0 0.981944 0.107031 0.036111 0.014063
0 0.893056 0.026562 0.019444 0.015625
0 0.988889 0.019531 0.022222 0.010937
0 0.384722 0.017969 0.091667 0.035937
0 0.500000 0.225781 1.000000 0.451562
1 0.363664 0.216065 0.191266 0.143746
1 0.614885 0.337479 0.277783 0.277047
