0 0.448611 0.979688 0.025000 0.018750
0 0.669444 0.814844 0.022222 0.023438
0 0.256250 0.769922 0.043056 0.011719
0 0.214583 0.762500 0.023611 0.021875
0 0.204861 0.851562 0.409722 0.296875
0 0.802083 0.708594 0.026389 0.017188
0 0.707639 0.713672 0.026389 0.027344
0 0.115278 0.708203 0.063889 0.016406
0 0.765278 0.682031 0.036111 0.014063
0 0.815972 0.671875 0.031944 0.012500
0 0.268056 0.682031 0.063889 0.035937
0 0.395833 0.612109 0.036111 0.021094
0 0.629167 0.583203 0.069444 0.035156
0 0.450000 0.582812 0.144444 0.037500
0 0.165278 0.572266 0.036111 0.016406
0 0.387500 0.554688 0.019444 0.018750
0 0.268056 0.570312 0.080556 0.065625
0 0.204167 0.555078 0.069444 0.057031
0 0.148611 0.545312 0.061111 0.037500
0 0.107639 0.583984 0.215278 0.122656
0 0.403472 0.520312 0.026389 0.015625
0 0.570833 0.494922 0.025000 0.017969
0 0.615278 0.498828 0.047222 0.042969
0 0.750000 0.482812 0.055556 0.012500
0 0.742361 0.471484 0.034722 0.008594
0 0.774306 0.462500 0.018056 0.014063
0 0.434028 0.458594 0.040278 0.014063
0 0.397222 0.454297 0.033333 0.021094
0 0.771528 0.440234 0.026389 0.013281
0 0.844444 0.454297 0.155556 0.052344
0 0.610417 0.450391 0.048611 0.052344
0 0.563889 0.432812 0.044444 0.018750
0 0.408333 0.418750 0.033333 0.031250
0 0.375694 0.413281 0.073611 0.048438
0 0.675000 0.387891 0.055556 0.013281
0 0.793056 0.392578 0.108333 0.057031
0 0.669444 0.370312 0.050000 0.014063
0 0.541667 0.425000 0.283333 0.162500
0 0.472222 0.310937 0.055556 0.015625
0 0.500000 0.293750 0.022222 0.012500
0 0.166667 0.252344 0.033333 0.017188
0 0.179167 0.221094 0.108333 0.064062
0 0.172917 0.155469 0.031944 0.029687
0 0.371528 0.080469 0.034722 0.004687
0 0.327083 0.073438 0.048611 0.018750
0 0.380556 0.023438 0.116667 0.046875
0 0.500000 0.257812 1.000000 0.515625
1 0.283313 0.507505 0.281842 0.158994
1 0.792496 0.259203 0.249766 0.152593
