0 0.457813 0.986111 0.012500 0.027778
0 0.764062 0.981944 0.068750 0.036111
0 0.592969 0.977778 0.054688 0.044444
0 0.433594 0.965278 0.023438 0.069444
0 0.810156 0.961806 0.070312 0.076389
0 0.667969 0.917361 0.020313 0.031944
0 0.860938 0.750000 0.028125 0.027778
0 0.799219 0.686111 0.039062 0.055556
0 0.767188 0.456944 0.012500 0.019444
0 0.805469 0.443056 0.014063 0.025000
0 0.914844 0.447222 0.054688 0.066667
0 0.885547 0.305556 0.038281 0.072222
0 0.606250 0.280556 0.012500 0.022222
0 0.518750 0.259722 0.015625 0.019444
0 0.391406 0.250000 0.010937 0.033333
0 0.428906 0.302083 0.042188 0.145833
0 0.946875 0.227778 0.018750 0.027778
0 0.599609 0.206944 0.025781 0.058333
0 0.898438 0.211111 0.031250 0.111111
0 0.937500 0.134722 0.015625 0.019444
0 0.755469 0.163194 0.032813 0.084722
0 0.833594 0.122222 0.026562 0.033333
0 0.767969 0.108333 0.014063 0.027778
0 0.546484 0.159028 0.080469 0.140278
0 0.867188 0.079167 0.031250 0.036111
0 0.457031 0.055556 0.017188 0.033333
0 0.431250 0.500000 0.862500 1.000000
1 0.457601 0.248523 0.283183 0.112634
1 0.368088 0.422607 0.169048 0.118046
