0 0.319444 0.965625 0.033333 0.015625
0 0.386806 0.867969 0.031944 0.017188
0 0.320139 0.834766 0.031944 0.013281
0 0.390972 0.827734 0.023611 0.021094
0 0.387500 0.815234 0.044444 0.013281
0 0.703472 0.807422 0.020833 0.011719
0 0.327083 0.811719 0.040278 0.023438
0 0.324306 0.794141 0.026389 0.016406
0 0.627083 0.790234 0.043056 0.014844
0 0.450694 0.808984 0.059722 0.052344
0 0.658333 0.788281 0.019444 0.017188
0 0.394444 0.782813 0.033333 0.012500
0 0.580556 0.765234 0.033333 0.017969
0 0.890972 0.758203 0.048611 0.021094
0 0.037500 0.752734 0.030556 0.025781
0 0.797222 0.742969 0.050000 0.029687
0 0.160417 0.725781 0.026389 0.026562
0 0.953472 0.704297 0.029167 0.007031
0 0.984722 0.702734 0.030556 0.022656
0 0.590278 0.663672 0.019444 0.014844
0 0.927083 0.708594 0.145833 0.117188
0 0.840972 0.664062 0.037500 0.031250
0 0.170139 0.665625 0.051389 0.034375
0 0.170139 0.644922 0.018056 0.021094
0 0.049306 0.642188 0.023611 0.015625
0 0.142361 0.642188 0.020833 0.039062
0 0.033333 0.626563 0.030556 0.014063
0 0.325694 0.625781 0.031944 0.017188
0 0.223611 0.622266 0.019444 0.014844
0 0.250694 0.619531 0.040278 0.026562
0 0.129861 0.613281 0.023611 0.018750
0 0.059028 0.616797 0.037500 0.025781
0 0.654167 0.598437 0.036111 0.025000
0 0.031944 0.599609 0.063889 0.053906
0 0.088194 0.591406 0.073611 0.054688
0 0.613194 0.558594 0.031944 0.017188
0 0.389583 0.548047 0.037500 0.021094
0 0.308333 0.563281 0.155556 0.064062
0 0.929167 0.520312 0.041667 0.012500
0 0.137500 0.510156 0.036111 0.023438
0 0.936111 0.499219 0.077778 0.004687
0 0.113889 0.533203 0.094444 0.072656
0 0.263194 0.504687 0.070833 0.028125
0 0.044444 0.471875 0.022222 0.012500
0 0.704167 0.420703 0.025000 0.016406
0 0.938889 0.384766 0.122222 0.017969
0 0.934028 0.354687 0.031944 0.015625
0 0.907639 0.351953 0.029167 0.021094
0 0.872917 0.346484 0.029167 0.013281
0 0.984722 0.330469 0.030556 0.010937
0 0.662500 0.360156 0.125000 0.089063
0 0.381250 0.317188 0.034722 0.028125
0 0.360417 0.310547 0.018056 0.021094
0 0.877778 0.281250 0.044444 0.012500
0 0.391667 0.232422 0.022222 0.010156
0 0.340278 0.223438 0.047222 0.031250
0 0.978472 0.203125 0.043056 0.021875
0 0.985417 0.178906 0.029167 0.015625
0 0.426389 0.170703 0.030556 0.017969
0 0.968056 0.153906 0.063889 0.032813
0 0.933333 0.110547 0.133333 0.027344
0 0.365972 0.046094 0.037500 0.018750
0 0.920833 0.036719 0.036111 0.010937
0 0.334722 0.034766 0.019444 0.013281
0 0.913889 0.017969 0.016667 0.014063
0 0.441667 0.277734 0.883333 0.555469
1 0.528895 0.398136 0.273643 0.187162
1 0.549419 0.750568 0.297693 0.222531
