0 0.585938 0.984722 0.028125 0.030556
0 0.547656 0.978472 0.020313 0.043056
0 0.862109 0.884722 0.025781 0.025000
0 0.765625 0.872222 0.012500 0.022222
0 0.920703 0.856944 0.013281 0.019444
0 0.796875 0.827083 0.037500 0.056944
0 0.829688 0.666667 0.050000 0.094444
0 0.899219 0.590278 0.026562 0.052778
0 0.878125 0.454167 0.031250 0.075000
0 0.728516 0.354167 0.017969 0.030556
0 0.893750 0.366667 0.028125 0.077778
0 0.594141 0.336806 0.030469 0.059722
0 0.901172 0.322917 0.010156 0.051389
0 0.377734 0.305556 0.011719 0.022222
0 0.750781 0.301389 0.026562 0.069444
0 0.528906 0.315972 0.098437 0.101389
0 0.931250 0.265278 0.012500 0.030556
0 0.825781 0.255556 0.020313 0.033333
0 0.553516 0.268056 0.027344 0.058333
0 0.644531 0.233333 0.010937 0.022222
0 0.261328 0.252083 0.024219 0.062500
0 0.864062 0.219444 0.015625 0.016667
0 0.431250 0.187500 0.015625 0.013889
0 0.490625 0.147222 0.015625 0.052778
0 0.507031 0.120139 0.020313 0.048611
0 0.856250 0.122222 0.012500 0.055556
0 0.823828 0.109028 0.008594 0.054167
0 0.379688 0.066667 0.012500 0.022222
0 0.678516 0.051389 0.010156 0.030556
0 0.421094 0.091667 0.051562 0.116667
0 0.259766 0.061806 0.044531 0.065278
0 0.392969 0.023611 0.010937 0.036111
0 0.734375 0.033333 0.015625 0.066667
0 0.516016 0.038889 0.063281 0.077778
0 0.467969 0.045139 0.017188 0.090278
0 0.414844 0.023611 0.020313 0.047222
0 0.380469 0.023611 0.010937 0.047222
0 0.321484 0.013889 0.019531 0.027778
0 0.280469 0.015278 0.014063 0.030556
0 0.429688 0.500000 0.859375 1.000000
1 0.467102 0.440951 0.149376 0.270720
1 0.337107 0.306085 0.219618 0.247679
