0 0.337500 0.988889 0.021875 0.022222
0 0.788281 0.980556 0.042188 0.038889
0 0.868750 0.931250 0.112500 0.137500
0 0.743750 0.852778 0.012500 0.016667
0 0.934766 0.862500 0.047656 0.097222
0 0.867969 0.793056 0.032813 0.052778
0 0.858984 0.755556 0.014844 0.033333
0 0.873437 0.470833 0.028125 0.019444
0 0.819531 0.372917 0.014063 0.029167
0 0.868750 0.336111 0.012500 0.019444
0 0.921875 0.288194 0.053125 0.070833
0 0.805469 0.279861 0.039062 0.079167
0 0.803125 0.196528 0.028125 0.056944
0 0.830469 0.115278 0.073438 0.108333
0 0.907031 0.038889 0.082812 0.077778
0 0.831250 0.015278 0.012500 0.030556
0 0.801562 0.013889 0.025000 0.027778
0 0.193750 0.006944 0.015625 0.013889
0 0.131250 0.009722 0.015625 0.019444
0 0.424219 0.500000 0.848437 1.000000
1 0.788766 0.395892 0.268254 0.268783
1 0.518543 0.798023 0.234263 0.128294
