0 0.835156 0.990278 0.029687 0.019444
0 0.921094 0.976389 0.026562 0.047222
0 0.780469 0.968056 0.014063 0.030556
0 0.367969 0.972222 0.073438 0.055556
0 0.283984 0.959722 0.016406 0.036111
0 0.556641 0.958333 0.100781 0.083333
0 0.678516 0.952778 0.058594 0.094444
0 0.853516 0.908333 0.019531 0.027778
0 0.895312 0.886111 0.012500 0.016667
0 0.471094 0.880556 0.014063 0.033333
0 0.297266 0.846528 0.011719 0.023611
0 0.519531 0.828472 0.023438 0.048611
0 0.433984 0.813889 0.039844 0.066667
0 0.285938 0.747222 0.012500 0.027778
0 0.692187 0.716667 0.015625 0.033333
0 0.296484 0.690278 0.047656 0.091667
0 0.706250 0.648611 0.015625 0.052778
0 0.173437 0.603472 0.015625 0.023611
0 0.210156 0.565278 0.082812 0.141667
0 0.801172 0.525000 0.174219 0.216667
0 0.083203 0.409722 0.011719 0.025000
0 0.143359 0.693750 0.286719 0.612500
0 0.714063 0.424306 0.075000 0.081944
0 0.019531 0.365278 0.039062 0.030556
0 0.810156 0.380556 0.079687 0.094444
0 0.682813 0.333333 0.012500 0.027778
0 0.634375 0.337500 0.028125 0.041667
0 0.788281 0.295833 0.035937 0.030556
0 0.082031 0.282639 0.014063 0.037500
0 0.846094 0.231944 0.010937 0.019444
0 0.780469 0.236111 0.010937 0.027778
0 0.451562 0.203472 0.009375 0.040278
0 0.260937 0.212500 0.015625 0.058333
0 0.807031 0.209722 0.014063 0.075000
0 0.484375 0.158333 0.012500 0.044444
0 0.064062 0.142361 0.009375 0.031944
0 0.373437 0.136111 0.009375 0.044444
0 0.169531 0.150694 0.067187 0.084722
0 0.919531 0.111111 0.010937 0.022222
0 0.831641 0.084722 0.011719 0.019444
0 0.175391 0.087500 0.016406 0.036111
0 0.790625 0.070833 0.018750 0.019444
0 0.843750 0.068056 0.009375 0.075000
0 0.475000 0.041667 0.025000 0.038889
0 0.857812 0.012500 0.012500 0.025000
0 0.769531 0.030556 0.017188 0.061111
0 0.355469 0.070833 0.085938 0.141667
0 0.442188 0.411111 0.700000 0.822222
0 0.034375 0.137500 0.068750 0.275000
1 0.411432 0.442442 0.265373 0.279660
1 0.780589 0.226530 0.245777 0.267641
