0 0.482812 0.979167 0.050000 0.041667
0 0.461719 0.944444 0.070312 0.105556
0 0.805078 0.884722 0.077344 0.086111
0 0.430469 0.860417 0.023438 0.068056
0 0.912500 0.638889 0.028125 0.022222
0 0.821484 0.486111 0.066406 0.161111
0 0.899219 0.383333 0.048438 0.083333
0 0.928125 0.315278 0.012500 0.019444
0 0.889062 0.304167 0.012500 0.025000
0 0.599219 0.188889 0.023438 0.027778
0 0.403906 0.186111 0.010937 0.022222
0 0.942969 0.154167 0.010937 0.025000
0 0.500391 0.178472 0.071094 0.098611
0 0.602734 0.144444 0.017969 0.038889
0 0.741406 0.136111 0.023438 0.033333
0 0.775781 0.123611 0.014063 0.019444
0 0.900000 0.144444 0.031250 0.105556
0 0.761719 0.080556 0.029687 0.038889
0 0.601562 0.066667 0.018750 0.052778
0 0.835156 0.039583 0.023438 0.059722
0 0.576172 0.013889 0.007031 0.027778
0 0.542188 0.072222 0.090625 0.144444
0 0.448437 0.500000 0.896875 1.000000
1 0.733010 0.713729 0.216198 0.161573
1 0.256171 0.396368 0.100061 0.194384
