0 0.279687 0.956944 0.015625 0.025000
0 0.899219 0.954167 0.017188 0.069444
0 0.712500 0.908333 0.018750 0.050000
0 0.778906 0.893056 0.023438 0.047222
0 0.731250 0.834722 0.025000 0.058333
0 0.333594 0.762500 0.010937 0.019444
0 0.664062 0.730556 0.031250 0.038889
0 0.660156 0.619444 0.007812 0.022222
0 0.093750 0.619444 0.015625 0.022222
0 0.805078 0.697917 0.225781 0.251389
0 0.846094 0.551389 0.042188 0.047222
0 0.863281 0.497222 0.020313 0.022222
0 0.153125 0.379861 0.012500 0.026389
0 0.150781 0.354167 0.020313 0.022222
0 0.189844 0.348611 0.026562 0.058333
0 0.842187 0.251389 0.015625 0.036111
0 0.788281 0.208333 0.026562 0.022222
0 0.192578 0.163889 0.017969 0.027778
0 0.178516 0.165972 0.028906 0.073611
0 0.842969 0.129861 0.014063 0.020833
0 0.885156 0.063889 0.026562 0.022222
0 0.166797 0.031944 0.013281 0.041667
0 0.138281 0.026389 0.029687 0.047222
0 0.436328 0.500000 0.872656 1.000000
0 0.057031 0.244444 0.114062 0.488889
1 0.726396 0.578412 0.162830 0.267512
1 0.603745 0.396658 0.117644 0.207202
