0 0.477734 0.988889 0.016406 0.022222
0 0.892969 0.986111 0.014063 0.022222
0 0.156250 0.984722 0.034375 0.030556
0 0.222656 0.983333 0.054688 0.033333
0 0.134375 0.980556 0.015625 0.033333
0 0.021875 0.970139 0.043750 0.059722
0 0.818750 0.961111 0.031250 0.066667
0 0.163281 0.938194 0.020313 0.070833
0 0.835547 0.888889 0.025781 0.038889
0 0.163672 0.884722 0.032031 0.058333
0 0.131641 0.854167 0.019531 0.036111
0 0.770703 0.806944 0.011719 0.019444
0 0.805078 0.829167 0.032031 0.091667
0 0.839063 0.775694 0.018750 0.048611
0 0.825391 0.520833 0.011719 0.025000
0 0.735156 0.255556 0.020313 0.027778
0 0.706641 0.247222 0.042969 0.105556
0 0.674219 0.167361 0.085938 0.151389
0 0.717969 0.095833 0.007812 0.030556
0 0.582812 0.091667 0.009375 0.044444
0 0.581250 0.033333 0.012500 0.027778
0 0.732031 0.011111 0.042188 0.022222
0 0.664062 0.055556 0.075000 0.111111
0 0.600781 0.023611 0.020313 0.047222
0 0.418750 0.048611 0.078125 0.097222
0 0.389844 0.012500 0.020313 0.025000
0 0.346094 0.026389 0.014063 0.052778
0 0.439844 0.500000 0.879687 1.000000
1 0.439741 0.676675 0.277087 0.173891
1 0.645172 0.204239 0.201757 0.177750
