0 0.177344 0.975000 0.023438 0.050000
0 0.069531 0.930556 0.010937 0.027778
0 0.787500 0.945833 0.050000 0.108333
0 0.774219 0.848611 0.010937 0.041667
0 0.793750 0.788889 0.012500 0.022222
0 0.035156 0.875000 0.070312 0.250000
0 0.873828 0.734722 0.017969 0.030556
0 0.803125 0.727778 0.028125 0.066667
0 0.816797 0.651389 0.027344 0.047222
0 0.734766 0.579167 0.016406 0.022222
0 0.791406 0.593056 0.045312 0.097222
0 0.823438 0.529861 0.015625 0.034722
0 0.427344 0.500000 0.854688 1.000000
1 0.317376 0.530673 0.265868 0.106986
1 0.638411 0.424737 0.175613 0.235418
