0 0.345313 0.977778 0.015625 0.044444
0 0.373437 0.934028 0.009375 0.034722
0 0.793750 0.955556 0.056250 0.088889
0 0.727344 0.893056 0.020313 0.036111
0 0.876172 0.909028 0.113281 0.181944
0 0.964844 0.824306 0.014063 0.031944
0 0.937500 0.809722 0.050000 0.086111
0 0.870313 0.734722 0.015625 0.041667
0 0.851953 0.300000 0.019531 0.027778
0 0.868359 0.279861 0.016406 0.015278
0 0.916406 0.247222 0.032813 0.050000
0 0.938672 0.216667 0.016406 0.027778
0 0.802344 0.208333 0.045312 0.105556
0 0.911719 0.015278 0.010937 0.030556
0 0.894531 0.011111 0.014063 0.022222
0 0.824609 0.065278 0.082031 0.130556
0 0.422656 0.500000 0.845313 1.000000
1 0.347420 0.589062 0.255263 0.254068
1 0.226283 0.439528 0.299174 0.256560
