0 0.746094 0.979167 0.020313 0.041667
0 0.471094 0.977083 0.018750 0.045833
0 0.453906 0.970833 0.029687 0.058333
0 0.095312 0.747222 0.015625 0.027778
0 0.160156 0.564583 0.014063 0.045833
0 0.830469 0.538889 0.010937 0.022222
0 0.139844 0.523611 0.023438 0.041667
0 0.194141 0.522222 0.039844 0.072222
0 0.219141 0.507639 0.017969 0.045833
0 0.942187 0.423611 0.009375 0.025000
0 0.850000 0.395139 0.020313 0.040278
0 0.842578 0.306944 0.013281 0.030556
0 0.845703 0.270139 0.008594 0.023611
0 0.200000 0.280556 0.056250 0.166667
0 0.864062 0.192361 0.021875 0.043056
0 0.242188 0.050000 0.103125 0.100000
0 0.182812 0.020833 0.012500 0.041667
0 0.469531 0.500000 0.939063 1.000000
1 0.325576 0.786781 0.237111 0.140366
1 0.389829 0.373308 0.179830 0.142818
