0 0.347656 0.954167 0.020313 0.041667
0 0.796094 0.948611 0.057813 0.102778
0 0.732031 0.877778 0.023438 0.033333
0 0.878125 0.897917 0.118750 0.204167
0 0.480859 0.818750 0.039844 0.059722
0 0.742969 0.784028 0.010937 0.026389
0 0.941797 0.786111 0.060156 0.083333
0 0.870313 0.727778 0.015625 0.033333
0 0.460938 0.719444 0.028125 0.038889
0 0.871875 0.704861 0.015625 0.031944
0 0.005469 0.708333 0.010937 0.044444
0 0.432812 0.683333 0.025000 0.055556
0 0.876953 0.404861 0.027344 0.023611
0 0.863672 0.275000 0.025781 0.027778
0 0.920312 0.222222 0.050000 0.077778
0 0.803516 0.213889 0.042969 0.077778
0 0.800391 0.158333 0.038281 0.036111
0 0.432812 0.500000 0.865625 1.000000
1 0.442261 0.782235 0.125585 0.227593
1 0.491429 0.790720 0.111404 0.243888
