0 0.896875 0.947222 0.006250 0.022222
0 0.820312 0.961111 0.043750 0.077778
0 0.881250 0.895833 0.028125 0.041667
0 0.881250 0.863194 0.012500 0.018056
0 0.871875 0.804167 0.009375 0.019444
0 0.398828 0.784722 0.024219 0.075000
0 0.342187 0.781944 0.037500 0.069444
0 0.608984 0.750000 0.027344 0.027778
0 0.705859 0.708333 0.013281 0.016667
0 0.871094 0.709722 0.010937 0.025000
0 0.435156 0.704167 0.092188 0.091667
0 0.876563 0.668056 0.018750 0.041667
0 0.717187 0.656944 0.012500 0.025000
0 0.564063 0.638889 0.050000 0.044444
0 0.884375 0.609722 0.009375 0.025000
0 0.505469 0.626389 0.042188 0.080556
0 0.731250 0.598611 0.018750 0.041667
0 0.918750 0.587500 0.012500 0.030556
0 0.238281 0.569444 0.017188 0.033333
0 0.535937 0.567361 0.028125 0.034722
0 0.628906 0.773611 0.492188 0.452778
0 0.810937 0.548611 0.018750 0.025000
0 0.743750 0.538194 0.012500 0.020833
0 0.428125 0.504167 0.012500 0.019444
0 0.214453 0.513194 0.024219 0.040278
0 0.550781 0.494444 0.014063 0.022222
0 0.471875 0.461111 0.012500 0.033333
0 0.517969 0.436111 0.014063 0.022222
0 0.486719 0.422917 0.020313 0.031944
0 0.803906 0.411111 0.007812 0.027778
0 0.839063 0.420833 0.015625 0.052778
0 0.246094 0.381944 0.029687 0.041667
0 0.452344 0.372917 0.025000 0.051389
0 0.393750 0.396528 0.081250 0.134722
0 0.444922 0.340972 0.028906 0.031944
0 0.292969 0.326389 0.039062 0.058333
0 0.256250 0.329167 0.034375 0.063889
0 0.371875 0.295833 0.018750 0.058333
0 0.304688 0.281250 0.034375 0.029167
0 0.672656 0.279167 0.017188 0.047222
0 0.093750 0.233333 0.012500 0.022222
0 0.430469 0.237500 0.023438 0.036111
0 0.132031 0.220833 0.010937 0.022222
0 0.532031 0.209722 0.017188 0.019444
0 0.190625 0.202778 0.037500 0.083333
0 0.173047 0.132639 0.027344 0.062500
0 0.028906 0.024306 0.007812 0.034722
0 0.804688 0.026389 0.006250 0.052778
0 0.773438 0.119444 0.168750 0.238889
0 0.716406 0.040278 0.032813 0.080556
0 0.673828 0.045833 0.052344 0.091667
0 0.380078 0.200694 0.410156 0.401389
0 0.125781 0.038889 0.073438 0.077778
0 0.042188 0.014583 0.009375 0.029167
0 0.196094 0.500000 0.392188 1.000000
1 0.406976 0.345150 0.276275 0.114412
1 0.467042 0.558809 0.244272 0.131106
