0 0.313889 0.988281 0.077778 0.023438
0 0.245139 0.975781 0.090278 0.048438
0 0.402778 0.914062 0.033333 0.021875
0 0.293750 0.894141 0.023611 0.014844
0 0.366667 0.878125 0.050000 0.031250
0 0.333333 0.870703 0.038889 0.036719
0 0.233333 0.846094 0.061111 0.039062
0 0.851389 0.818750 0.019444 0.012500
0 0.665972 0.814844 0.043056 0.032813
0 0.235417 0.809375 0.051389 0.025000
0 0.300694 0.796094 0.037500 0.020313
0 0.339583 0.841406 0.170833 0.114062
0 0.572222 0.793359 0.088889 0.021094
0 0.204861 0.790625 0.018056 0.015625
0 0.502083 0.766016 0.031944 0.017969
0 0.781250 0.755078 0.023611 0.014844
0 0.747917 0.754297 0.043056 0.016406
0 0.993750 0.744531 0.012500 0.012500
0 0.081944 0.748437 0.047222 0.021875
0 0.772917 0.731250 0.048611 0.018750
0 0.722917 0.735547 0.037500 0.030469
0 0.863889 0.697656 0.272222 0.142187
0 0.009722 0.638281 0.019444 0.026562
0 0.125694 0.632422 0.040278 0.039844
0 0.547222 0.610156 0.044444 0.020313
0 0.797917 0.608594 0.029167 0.026562
0 0.878472 0.571094 0.023611 0.015625
0 0.026389 0.582031 0.052778 0.039062
0 0.212500 0.579688 0.186111 0.075000
0 0.023611 0.538281 0.047222 0.029687
0 0.890972 0.518750 0.037500 0.012500
0 0.153472 0.537500 0.076389 0.053125
0 0.838889 0.503906 0.083333 0.054688
0 0.572917 0.428125 0.045833 0.018750
0 0.772222 0.370312 0.050000 0.018750
0 0.526389 0.380469 0.130556 0.060937
0 0.774306 0.338281 0.045833 0.014063
0 0.728472 0.346875 0.034722 0.031250
0 0.567361 0.334375 0.065278 0.040625
0 0.875694 0.298047 0.018056 0.017969
0 0.973611 0.324609 0.052778 0.080469
0 0.738889 0.275000 0.055556 0.025000
0 0.884028 0.181250 0.231944 0.212500
0 0.748611 0.082422 0.058333 0.014844
0 0.950000 0.021484 0.100000 0.042969
0 0.733333 0.007812 0.061111 0.015625
0 0.381250 0.291406 0.762500 0.582812
1 0.565725 0.222193 0.102986 0.117266
1 0.729747 0.234596 0.277459 0.205338
