0 0.501389 0.869531 0.041667 0.026562
0 0.411111 0.768359 0.036111 0.013281
0 0.928472 0.714063 0.037500 0.014063
0 0.946528 0.698828 0.043056 0.011719
0 0.881250 0.682031 0.029167 0.010937
0 0.097222 0.672656 0.030556 0.014063
0 0.242361 0.831250 0.484722 0.337500
0 0.016667 0.682422 0.033333 0.047656
0 0.422917 0.652734 0.048611 0.028906
0 0.420833 0.633594 0.047222 0.017188
0 0.371528 0.614453 0.037500 0.017969
0 0.209028 0.592969 0.040278 0.017188
0 0.663889 0.575781 0.025000 0.010937
0 0.779861 0.567578 0.037500 0.036719
0 0.458333 0.559375 0.083333 0.053125
0 0.056944 0.492188 0.030556 0.012500
0 0.797917 0.496094 0.026389 0.025000
0 0.692361 0.491406 0.037500 0.015625
0 0.095139 0.470313 0.020833 0.025000
0 0.065278 0.467969 0.036111 0.031250
0 0.977083 0.456641 0.045833 0.014844
0 0.790278 0.451562 0.025000 0.018750
0 0.016667 0.446875 0.033333 0.015625
0 0.612500 0.437500 0.038889 0.020313
0 0.784722 0.430859 0.030556 0.022656
0 0.501389 0.442188 0.072222 0.060937
0 0.093056 0.417187 0.036111 0.018750
0 0.715278 0.412500 0.036111 0.012500
0 0.685417 0.441797 0.129167 0.089844
0 0.981944 0.396484 0.036111 0.011719
0 0.797222 0.394922 0.058333 0.027344
0 0.826389 0.371094 0.033333 0.010937
0 0.665278 0.364844 0.158333 0.070312
0 0.732639 0.282031 0.034722 0.026562
0 0.306944 0.252344 0.052778 0.032813
0 0.279861 0.225781 0.054167 0.017188
0 0.341667 0.213281 0.022222 0.020313
0 0.562500 0.200781 0.063889 0.023438
0 0.013889 0.154688 0.027778 0.018750
0 0.251389 0.149609 0.052778 0.019531
0 0.279167 0.128516 0.069444 0.017969
0 0.927083 0.117969 0.070833 0.031250
0 0.275000 0.111719 0.038889 0.020313
0 0.215278 0.103906 0.041667 0.029687
0 0.505556 0.075391 0.016667 0.019531
0 0.631944 0.030469 0.036111 0.014063
0 0.609028 0.009766 0.054167 0.019531
0 0.500000 0.303906 1.000000 0.607812
1 0.420802 0.482418 0.189324 0.262320
1 0.254920 0.632423 0.277181 0.196918
