0 0.875694 0.992188 0.026389 0.015625
0 0.758333 0.989844 0.033333 0.020313
0 0.906944 0.962500 0.025000 0.021875
0 0.890972 0.916016 0.045833 0.019531
0 0.743056 0.806250 0.025000 0.012500
0 0.811111 0.759375 0.016667 0.015625
0 0.759722 0.707812 0.052778 0.021875
0 0.711806 0.693750 0.023611 0.020313
0 0.750694 0.667188 0.048611 0.060937
0 0.237500 0.650781 0.069444 0.051562
0 0.225000 0.612500 0.094444 0.021875
0 0.070833 0.635938 0.141667 0.071875
0 0.623611 0.599609 0.030556 0.013281
0 0.448611 0.787500 0.897222 0.425000
0 0.759722 0.600781 0.091667 0.073438
0 0.715278 0.555859 0.052778 0.025781
0 0.941667 0.543750 0.027778 0.012500
0 0.740278 0.532031 0.047222 0.020313
0 0.143056 0.530078 0.019444 0.024219
0 0.579167 0.522656 0.030556 0.014063
0 0.026389 0.531250 0.052778 0.034375
0 0.536111 0.516406 0.044444 0.026562
0 0.865278 0.513281 0.086111 0.039062
0 0.458333 0.499219 0.066667 0.023438
0 0.037500 0.493359 0.052778 0.013281
0 0.496528 0.483203 0.043056 0.013281
0 0.013889 0.473438 0.027778 0.017188
0 0.809722 0.482422 0.041667 0.036719
0 0.054167 0.470703 0.019444 0.013281
0 0.015278 0.460547 0.030556 0.010156
0 0.027778 0.430469 0.055556 0.039062
0 0.895833 0.381250 0.063889 0.040625
0 0.415278 0.363281 0.058333 0.026562
0 0.988889 0.308594 0.022222 0.020313
0 0.020833 0.193750 0.041667 0.012500
0 0.718056 0.181250 0.019444 0.015625
0 0.797222 0.142578 0.044444 0.014844
0 0.911111 0.153125 0.088889 0.059375
0 0.011111 0.093750 0.022222 0.012500
0 0.301389 0.081250 0.025000 0.012500
0 0.723611 0.065625 0.069444 0.021875
0 0.722222 0.043750 0.022222 0.012500
0 0.973611 0.062500 0.052778 0.096875
0 0.577778 0.018750 0.044444 0.012500
0 0.823611 0.017578 0.069444 0.035156
0 0.701389 0.031250 0.163889 0.062500
0 0.590278 0.003125 0.058333 0.006250
0 0.500000 0.275000 1.000000 0.550000
1 0.250892 0.589885 0.235351 0.205487
1 0.690271 0.357611 0.125339 0.134905
