0 0.396484 0.341667 0.017969 0.033333
0 0.709766 0.326389 0.032031 0.086111
0 0.607031 0.291667 0.010937 0.022222
0 0.697656 0.219444 0.020313 0.033333
0 0.567187 0.193056 0.012500 0.036111
0 0.407813 0.205556 0.118750 0.122222
0 0.516406 0.158333 0.029687 0.038889
0 0.267969 0.129167 0.014063 0.025000
0 0.889844 0.044444 0.048438 0.088889
0 0.845313 0.033333 0.009375 0.066667
0 0.695312 0.145833 0.218750 0.291667
0 0.596875 0.008333 0.025000 0.016667
0 0.394531 0.058333 0.110937 0.116667
0 0.308594 0.040278 0.042188 0.080556
0 0.061719 0.013889 0.020313 0.027778
0 0.440625 0.500000 0.881250 1.000000
0 0.018750 0.020833 0.012500 0.041667
1 0.271698 0.490571 0.115858 0.270642
1 0.755014 0.695359 0.119189 0.232592
