0 0.889844 0.956944 0.017188 0.047222
0 0.834375 0.951389 0.134375 0.097222
0 0.734375 0.947222 0.075000 0.105556
0 0.118750 0.900694 0.012500 0.020833
0 0.723437 0.881944 0.021875 0.025000
0 0.167187 0.798611 0.012500 0.019444
0 0.810937 0.681944 0.009375 0.036111
0 0.157422 0.658333 0.011719 0.027778
0 0.097656 0.637500 0.014063 0.030556
0 0.916406 0.579167 0.017188 0.030556
0 0.833594 0.565278 0.026562 0.052778
0 0.766406 0.544444 0.014063 0.044444
0 0.818750 0.465278 0.015625 0.025000
0 0.810156 0.444444 0.010937 0.022222
0 0.826172 0.430556 0.013281 0.027778
0 0.861719 0.330556 0.014063 0.022222
0 0.692969 0.016667 0.014063 0.033333
0 0.436719 0.500000 0.873437 1.000000
1 0.519442 0.231624 0.130486 0.191186
1 0.395381 0.287246 0.121888 0.126666
