0 0.500000 0.631250 0.022222 0.012500
0 0.550000 0.620313 0.072222 0.018750
0 0.991667 0.600000 0.016667 0.015625
0 0.851389 0.597656 0.058333 0.045312
0 0.820833 0.517578 0.041667 0.011719
0 0.709722 0.487109 0.025000 0.011719
0 0.790278 0.500000 0.086111 0.050000
0 0.666667 0.452344 0.027778 0.020313
0 0.366667 0.443750 0.022222 0.012500
0 0.447917 0.437891 0.026389 0.013281
0 0.681944 0.436328 0.047222 0.011719
0 0.922222 0.417187 0.155556 0.081250
0 0.965278 0.375000 0.025000 0.012500
0 0.500000 0.500000 1.000000 1.000000
1 0.469987 0.506699 0.130283 0.286162
1 0.620547 0.781297 0.211039 0.128115
