0 0.791406 0.993056 0.020313 0.013889
0 0.551172 0.990278 0.047656 0.019444
0 0.386719 0.983333 0.026562 0.033333
0 0.430469 0.970833 0.035937 0.058333
0 0.516406 0.968056 0.020313 0.063889
0 0.802344 0.773611 0.079687 0.091667
0 0.432422 0.752778 0.032031 0.050000
0 0.805469 0.607639 0.014063 0.034722
0 0.857031 0.561806 0.014063 0.023611
0 0.919141 0.510417 0.047656 0.068056
0 0.871094 0.305556 0.007812 0.022222
0 0.903516 0.270833 0.042969 0.086111
0 0.939844 0.238889 0.007812 0.027778
0 0.936719 0.201389 0.023438 0.030556
0 0.900000 0.194444 0.028125 0.027778
0 0.915625 0.119444 0.006250 0.027778
0 0.598437 0.075000 0.025000 0.038889
0 0.946875 0.037500 0.006250 0.047222
0 0.605859 0.029167 0.016406 0.036111
0 0.905859 0.043750 0.030469 0.087500
0 0.573828 0.014583 0.030469 0.029167
0 0.542578 0.013889 0.032031 0.027778
0 0.403125 0.034722 0.012500 0.069444
0 0.450000 0.500000 0.900000 1.000000
1 0.674453 0.679501 0.264444 0.147435
1 0.387505 0.798253 0.130080 0.231692
