0 0.902344 0.988889 0.020313 0.022222
0 0.654687 0.969444 0.012500 0.027778
0 0.391406 0.977083 0.029687 0.045833
0 0.896875 0.934722 0.015625 0.013889
0 0.885156 0.908333 0.023438 0.022222
0 0.944531 0.797222 0.010937 0.033333
0 0.595703 0.790278 0.027344 0.025000
0 0.384375 0.779167 0.009375 0.025000
0 0.734375 0.780556 0.018750 0.044444
0 0.706250 0.744444 0.012500 0.022222
0 0.898438 0.773611 0.028125 0.097222
0 0.753125 0.743056 0.028125 0.052778
0 0.584375 0.719444 0.021875 0.016667
0 0.935156 0.716667 0.010937 0.022222
0 0.253125 0.719444 0.018750 0.033333
0 0.538281 0.712500 0.015625 0.041667
0 0.646094 0.840278 0.510938 0.319444
0 0.530859 0.751389 0.102344 0.141667
0 0.830469 0.688194 0.020313 0.037500
0 0.346875 0.675000 0.018750 0.016667
0 0.760938 0.676389 0.012500 0.025000
0 0.261719 0.657639 0.012500 0.048611
0 0.271484 0.604167 0.017969 0.052778
0 0.853906 0.550000 0.017188 0.050000
0 0.266406 0.534722 0.014063 0.041667
0 0.670312 0.486111 0.015625 0.038889
0 0.351172 0.484722 0.016406 0.063889
0 0.271094 0.463889 0.045312 0.061111
0 0.334766 0.429167 0.021094 0.030556
0 0.685937 0.419444 0.015625 0.061111
0 0.311719 0.446528 0.039062 0.134722
0 0.185156 0.325000 0.079687 0.150000
0 0.190625 0.593750 0.381250 0.812500
0 0.718750 0.190278 0.046875 0.069444
0 0.023438 0.166667 0.046875 0.050000
0 0.681250 0.183333 0.043750 0.094444
0 0.708203 0.134028 0.024219 0.023611
0 0.055859 0.126389 0.011719 0.030556
0 0.007812 0.115278 0.015625 0.025000
0 0.301953 0.078472 0.021094 0.040278
0 0.781250 0.046528 0.018750 0.054167
0 0.765625 0.200000 0.209375 0.400000
0 0.654687 0.015278 0.012500 0.030556
0 0.255469 0.011111 0.014063 0.022222
0 0.079687 0.021528 0.015625 0.043056
0 0.341406 0.315278 0.582812 0.630556
0 0.017969 0.026389 0.035937 0.052778
1 0.522242 0.546767 0.105149 0.116497
1 0.445227 0.321821 0.239564 0.179705
