0 0.669531 0.988889 0.014063 0.022222
0 0.794531 0.986111 0.029687 0.027778
0 0.623437 0.969444 0.028125 0.061111
0 0.780859 0.856250 0.013281 0.020833
0 0.822266 0.847917 0.049219 0.098611
0 0.889844 0.766667 0.032813 0.044444
0 0.345313 0.652778 0.031250 0.061111
0 0.866797 0.627778 0.028906 0.061111
0 0.446875 0.581944 0.090625 0.086111
0 0.885156 0.559722 0.026562 0.069444
0 0.724219 0.533333 0.010937 0.022222
0 0.553906 0.519444 0.023438 0.038889
0 0.586328 0.512500 0.027344 0.058333
0 0.741406 0.486111 0.029687 0.038889
0 0.508984 0.504861 0.055469 0.093056
0 0.539844 0.448611 0.029687 0.030556
0 0.248828 0.454861 0.011719 0.043056
0 0.817187 0.434722 0.020313 0.030556
0 0.752344 0.416667 0.014063 0.027778
0 0.431250 0.381944 0.018750 0.019444
0 0.555859 0.371528 0.014844 0.037500
0 0.490625 0.310417 0.037500 0.059722
0 0.846094 0.297917 0.014063 0.051389
0 0.252344 0.254167 0.039062 0.041667
0 0.411328 0.281944 0.053906 0.113889
0 0.376953 0.219444 0.027344 0.044444
0 0.400391 0.186806 0.011719 0.020833
0 0.264062 0.190972 0.031250 0.040278
0 0.561328 0.173611 0.011719 0.027778
0 0.683594 0.162500 0.020313 0.047222
0 0.307422 0.179861 0.055469 0.093056
0 0.085156 0.138194 0.012500 0.023611
0 0.794922 0.127778 0.010156 0.022222
0 0.549219 0.131944 0.039062 0.066667
0 0.431250 0.110417 0.015625 0.037500
0 0.206250 0.068750 0.025000 0.070833
0 0.604688 0.041667 0.012500 0.038889
0 0.846484 0.055556 0.041406 0.111111
0 0.774219 0.054167 0.139063 0.108333
0 0.494922 0.149306 0.202344 0.298611
0 0.342578 0.101389 0.091406 0.202778
0 0.188672 0.019444 0.019531 0.038889
0 0.427344 0.500000 0.854688 1.000000
1 0.534988 0.671588 0.183634 0.194063
1 0.595696 0.332848 0.297172 0.107938
