0 0.776389 0.927344 0.036111 0.014063
0 0.629167 0.712109 0.052778 0.055469
0 0.588889 0.703125 0.027778 0.037500
0 0.175000 0.676953 0.033333 0.017969
0 0.120139 0.683984 0.059722 0.057031
0 0.609722 0.662891 0.019444 0.030469
0 0.214583 0.649609 0.034722 0.017969
0 0.629861 0.644922 0.045833 0.019531
0 0.609722 0.638672 0.019444 0.017969
0 0.423611 0.639844 0.025000 0.020313
0 0.394444 0.803125 0.788889 0.393750
0 0.338889 0.595313 0.022222 0.012500
0 0.651389 0.607422 0.041667 0.052344
0 0.584722 0.576172 0.047222 0.016406
0 0.892361 0.545312 0.043056 0.026562
0 0.395139 0.537500 0.045833 0.018750
0 0.313889 0.525000 0.038889 0.018750
0 0.691667 0.516406 0.077778 0.051562
0 0.013889 0.473438 0.027778 0.028125
0 0.508333 0.467969 0.066667 0.023438
0 0.939583 0.424219 0.120833 0.015625
0 0.466667 0.477344 0.333333 0.142187
0 0.755556 0.390625 0.038889 0.020313
0 0.276389 0.389844 0.052778 0.023438
0 0.359722 0.357812 0.025000 0.009375
0 0.918056 0.344531 0.119444 0.032813
0 0.902778 0.317969 0.194444 0.032813
0 0.970833 0.297656 0.058333 0.014063
0 0.979167 0.105469 0.041667 0.042188
0 0.051389 0.103906 0.102778 0.064062
0 0.720833 0.068750 0.063889 0.028125
0 0.500000 0.300781 1.000000 0.551562
0 0.886111 0.065625 0.227778 0.112500
0 0.826389 0.007031 0.013889 0.014063
0 0.611806 0.006250 0.029167 0.012500
0 0.542361 0.048438 0.151389 0.096875
0 0.397222 0.044531 0.227778 0.089063
0 0.219444 0.007031 0.033333 0.014063
1 0.484788 0.579628 0.295780 0.141367
1 0.212540 0.384411 0.116742 0.113670
