0 0.973611 0.804688 0.052778 0.031250
0 0.975000 0.753125 0.050000 0.025000
0 0.923611 0.719922 0.152778 0.042969
0 0.914583 0.677344 0.170833 0.051562
0 0.971528 0.635156 0.056944 0.029687
0 0.708333 0.649609 0.105556 0.058594
0 0.936111 0.630859 0.022222 0.022656
0 0.838194 0.641406 0.070833 0.051562
0 0.913194 0.620313 0.029167 0.015625
0 0.481250 0.526563 0.043056 0.018750
0 0.952778 0.542969 0.094444 0.054688
0 0.675000 0.502734 0.033333 0.013281
0 0.547222 0.479687 0.044444 0.015625
0 0.797917 0.458203 0.054167 0.036719
0 0.441667 0.437109 0.041667 0.017969
0 0.916667 0.466406 0.166667 0.085938
0 0.636111 0.445312 0.138889 0.082812
0 0.935417 0.093750 0.065278 0.056250
0 0.957639 0.004687 0.029167 0.009375
0 0.910417 0.010156 0.076389 0.020313
0 0.500000 0.500000 1.000000 1.000000
1 0.734291 0.306018 0.227611 0.244731
1 0.394126 0.339293 0.119411 0.157908
